slot_start_record
slot_end_record
===============================Poses Timestampe================================
Pose 1:  x: 175.999, y: -322.873, z: -607.671, A: 1.82899, B: 0.146902, C: -1.97553, qx: 0.397623, qy: 0.684243, qz: -0.476003, qw: 0.383573
Pose 2:  x: 176.014, y: -322.871, z: -607.676, A: 1.82894, B: 0.14683, C: -1.9755, qx: 0.397644, qy: 0.684215, qz: -0.476031, qw: 0.383567
Pose 3:  x: 175.875, y: -322.804, z: -607.491, A: 1.82901, B: 0.146909, C: -1.97542, qx: 0.397663, qy: 0.684225, qz: -0.475975, qw: 0.383599
Pose 4:  x: 175.882, y: -322.799, z: -607.484, A: 1.82903, B: 0.146894, C: -1.97545, qx: 0.397662, qy: 0.684234, qz: -0.475976, qw: 0.383583
Pose 5:  x: 175.805, y: -322.909, z: -607.644, A: 1.8288, B: 0.147058, C: -1.97525, qx: 0.39764, qy: 0.684164, qz: -0.475978, qw: 0.383727
Pose 6:  x: 175.794, y: -322.912, z: -607.647, A: 1.8288, B: 0.147102, C: -1.97522, qx: 0.397641, qy: 0.684164, qz: -0.47596, qw: 0.383749
Pose 7:  x: 175.784, y: -322.907, z: -607.65, A: 1.82878, B: 0.147091, C: -1.97523, qx: 0.397635, qy: 0.684159, qz: -0.475974, qw: 0.383747
Pose 8:  x: 175.87, y: -322.94, z: -607.577, A: 1.82887, B: 0.147026, C: -1.97523, qx: 0.397672, qy: 0.684172, qz: -0.475955, qw: 0.383708
Pose 9:  x: 175.873, y: -322.943, z: -607.571, A: 1.82891, B: 0.147002, C: -1.97526, qx: 0.397675, qy: 0.684182, qz: -0.475955, qw: 0.383687
Pose 10:  x: 175.812, y: -322.843, z: -607.365, A: 1.82885, B: 0.146988, C: -1.97532, qx: 0.397644, qy: 0.68418, qz: -0.475992, qw: 0.383678
Pose 11:  x: 175.813, y: -322.845, z: -607.355, A: 1.82888, B: 0.146989, C: -1.9753, qx: 0.39766, qy: 0.684183, qz: -0.475974, qw: 0.383678
Pose 12:  x: 175.82, y: -322.849, z: -607.341, A: 1.82885, B: 0.146992, C: -1.97536, qx: 0.397629, qy: 0.684188, qz: -0.475999, qw: 0.38367
Pose 13:  x: 175.677, y: -322.737, z: -607.293, A: 1.82866, B: 0.146867, C: -1.97536, qx: 0.397628, qy: 0.684126, qz: -0.476091, qw: 0.383667
Pose 14:  x: 175.669, y: -322.733, z: -607.285, A: 1.82868, B: 0.146857, C: -1.97536, qx: 0.397636, qy: 0.684129, qz: -0.476086, qw: 0.383661
Pose 15:  x: 175.806, y: -322.738, z: -607.27, A: 1.82874, B: 0.146947, C: -1.97551, qx: 0.397572, qy: 0.684185, qz: -0.476073, qw: 0.383642
Pose 16:  x: 175.815, y: -322.729, z: -607.256, A: 1.82874, B: 0.146989, C: -1.97554, qx: 0.397549, qy: 0.684196, qz: -0.476071, qw: 0.38365
Pose 17:  x: 175.827, y: -322.723, z: -607.244, A: 1.82876, B: 0.146982, C: -1.97554, qx: 0.397556, qy: 0.684201, qz: -0.476064, qw: 0.383643
Pose 18:  x: 175.82, y: -322.745, z: -607.306, A: 1.82885, B: 0.147006, C: -1.97552, qx: 0.397574, qy: 0.684222, qz: -0.476022, qw: 0.383637
Pose 19:  x: 175.833, y: -322.746, z: -607.292, A: 1.82874, B: 0.14706, C: -1.97546, qx: 0.397556, qy: 0.684191, qz: -0.476039, qw: 0.383691
Pose 20:  x: 175.93, y: -322.957, z: -607.625, A: 1.82869, B: 0.147119, C: -1.97549, qx: 0.39752, qy: 0.684193, qz: -0.476049, qw: 0.383713
Pose 21:  x: 175.87, y: -322.831, z: -607.36, A: 1.82879, B: 0.14699, C: -1.97545, qx: 0.397589, qy: 0.684192, qz: -0.476035, qw: 0.38366
Pose 22:  x: 175.882, y: -322.839, z: -607.355, A: 1.82874, B: 0.146955, C: -1.97542, qx: 0.3976, qy: 0.684169, qz: -0.476054, qw: 0.383667
Pose 23:  x: 175.932, y: -322.798, z: -607.464, A: 1.82884, B: 0.146876, C: -1.97539, qx: 0.397652, qy: 0.684176, qz: -0.476032, qw: 0.383628
Pose 24:  x: 175.945, y: -322.796, z: -607.463, A: 1.82882, B: 0.146811, C: -1.97533, qx: 0.397685, qy: 0.68415, qz: -0.476044, qw: 0.383626
Pose 25:  x: 175.841, y: -322.778, z: -607.548, A: 1.82902, B: 0.146802, C: -1.97563, qx: 0.397622, qy: 0.684254, qz: -0.476036, qw: 0.383514
Pose 26:  x: 175.849, y: -322.777, z: -607.555, A: 1.82906, B: 0.146854, C: -1.9756, qx: 0.397626, qy: 0.684266, qz: -0.476004, qw: 0.383528
Pose 27:  x: 175.851, y: -322.772, z: -607.555, A: 1.82899, B: 0.146807, C: -1.97559, qx: 0.397628, qy: 0.684242, qz: -0.476037, qw: 0.383528
Pose 28:  x: 175.842, y: -322.936, z: -607.589, A: 1.82901, B: 0.146858, C: -1.97568, qx: 0.397589, qy: 0.68427, qz: -0.476035, qw: 0.38352
Pose 29:  x: 175.842, y: -322.946, z: -607.587, A: 1.82899, B: 0.146894, C: -1.97559, qx: 0.397603, qy: 0.684253, qz: -0.476019, qw: 0.383557
Pose 30:  x: 175.761, y: -322.889, z: -607.329, A: 1.82893, B: 0.14681, C: -1.97555, qx: 0.397629, qy: 0.684218, qz: -0.476051, qw: 0.383552
Pose 31:  x: 175.759, y: -322.899, z: -607.312, A: 1.8289, B: 0.14684, C: -1.97556, qx: 0.397614, qy: 0.684219, qz: -0.476053, qw: 0.383564
Pose 32:  x: 175.759, y: -322.903, z: -607.294, A: 1.82891, B: 0.146906, C: -1.97556, qx: 0.397596, qy: 0.684231, qz: -0.476035, qw: 0.383583
Pose 33:  x: 175.711, y: -322.847, z: -607.175, A: 1.82882, B: 0.146792, C: -1.97558, qx: 0.397605, qy: 0.684194, qz: -0.476097, qw: 0.383563
Pose 34:  x: 175.714, y: -322.858, z: -607.162, A: 1.82884, B: 0.146749, C: -1.97554, qx: 0.397634, qy: 0.684185, qz: -0.476093, qw: 0.383554
Pose 35:  x: 175.896, y: -322.946, z: -607.493, A: 1.82874, B: 0.146932, C: -1.97561, qx: 0.397542, qy: 0.684203, qz: -0.476095, qw: 0.383614
Pose 36:  x: 175.831, y: -322.811, z: -607.242, A: 1.82878, B: 0.146686, C: -1.97551, qx: 0.39765, qy: 0.684158, qz: -0.47612, qw: 0.383551
Pose 37:  x: 175.831, y: -322.665, z: -607.245, A: 1.82879, B: 0.146847, C: -1.97553, qx: 0.397601, qy: 0.684185, qz: -0.476085, qw: 0.383598
Pose 38:  x: 175.849, y: -322.646, z: -607.239, A: 1.82877, B: 0.146769, C: -1.97557, qx: 0.397604, qy: 0.68418, qz: -0.476116, qw: 0.383565
Pose 39:  x: 175.867, y: -322.624, z: -607.23, A: 1.82876, B: 0.146775, C: -1.97552, qx: 0.397619, qy: 0.684167, qz: -0.476109, qw: 0.383582
===============================Poses Timestampe================================
================================Poses================================
Pose 1:  x: 175.999, y: -322.873, z: -607.671, A: 1.82899, B: 0.146902, C: -1.97553, qx: 0.397623, qy: 0.684243, qz: -0.476003, qw: 0.383573
Pose 2:  x: 176.014, y: -322.871, z: -607.676, A: 1.82894, B: 0.14683, C: -1.9755, qx: 0.397644, qy: 0.684215, qz: -0.476031, qw: 0.383567
Pose 3:  x: 175.875, y: -322.804, z: -607.491, A: 1.82901, B: 0.146909, C: -1.97542, qx: 0.397663, qy: 0.684225, qz: -0.475975, qw: 0.383599
Pose 4:  x: 175.882, y: -322.799, z: -607.484, A: 1.82903, B: 0.146894, C: -1.97545, qx: 0.397662, qy: 0.684234, qz: -0.475976, qw: 0.383583
Pose 5:  x: 175.805, y: -322.909, z: -607.644, A: 1.8288, B: 0.147058, C: -1.97525, qx: 0.39764, qy: 0.684164, qz: -0.475978, qw: 0.383727
Pose 6:  x: 175.794, y: -322.912, z: -607.647, A: 1.8288, B: 0.147102, C: -1.97522, qx: 0.397641, qy: 0.684164, qz: -0.47596, qw: 0.383749
Pose 7:  x: 175.784, y: -322.907, z: -607.65, A: 1.82878, B: 0.147091, C: -1.97523, qx: 0.397635, qy: 0.684159, qz: -0.475974, qw: 0.383747
Pose 8:  x: 175.87, y: -322.94, z: -607.577, A: 1.82887, B: 0.147026, C: -1.97523, qx: 0.397672, qy: 0.684172, qz: -0.475955, qw: 0.383708
Pose 9:  x: 175.873, y: -322.943, z: -607.571, A: 1.82891, B: 0.147002, C: -1.97526, qx: 0.397675, qy: 0.684182, qz: -0.475955, qw: 0.383687
Pose 10:  x: 175.812, y: -322.843, z: -607.365, A: 1.82885, B: 0.146988, C: -1.97532, qx: 0.397644, qy: 0.68418, qz: -0.475992, qw: 0.383678
Pose 11:  x: 175.813, y: -322.845, z: -607.355, A: 1.82888, B: 0.146989, C: -1.9753, qx: 0.39766, qy: 0.684183, qz: -0.475974, qw: 0.383678
Pose 12:  x: 175.82, y: -322.849, z: -607.341, A: 1.82885, B: 0.146992, C: -1.97536, qx: 0.397629, qy: 0.684188, qz: -0.475999, qw: 0.38367
Pose 13:  x: 175.677, y: -322.737, z: -607.293, A: 1.82866, B: 0.146867, C: -1.97536, qx: 0.397628, qy: 0.684126, qz: -0.476091, qw: 0.383667
Pose 14:  x: 175.669, y: -322.733, z: -607.285, A: 1.82868, B: 0.146857, C: -1.97536, qx: 0.397636, qy: 0.684129, qz: -0.476086, qw: 0.383661
Pose 15:  x: 175.806, y: -322.738, z: -607.27, A: 1.82874, B: 0.146947, C: -1.97551, qx: 0.397572, qy: 0.684185, qz: -0.476073, qw: 0.383642
Pose 16:  x: 175.815, y: -322.729, z: -607.256, A: 1.82874, B: 0.146989, C: -1.97554, qx: 0.397549, qy: 0.684196, qz: -0.476071, qw: 0.38365
Pose 17:  x: 175.827, y: -322.723, z: -607.244, A: 1.82876, B: 0.146982, C: -1.97554, qx: 0.397556, qy: 0.684201, qz: -0.476064, qw: 0.383643
Pose 18:  x: 175.82, y: -322.745, z: -607.306, A: 1.82885, B: 0.147006, C: -1.97552, qx: 0.397574, qy: 0.684222, qz: -0.476022, qw: 0.383637
Pose 19:  x: 175.833, y: -322.746, z: -607.292, A: 1.82874, B: 0.14706, C: -1.97546, qx: 0.397556, qy: 0.684191, qz: -0.476039, qw: 0.383691
Pose 20:  x: 175.93, y: -322.957, z: -607.625, A: 1.82869, B: 0.147119, C: -1.97549, qx: 0.39752, qy: 0.684193, qz: -0.476049, qw: 0.383713
Pose 21:  x: 175.87, y: -322.831, z: -607.36, A: 1.82879, B: 0.14699, C: -1.97545, qx: 0.397589, qy: 0.684192, qz: -0.476035, qw: 0.38366
Pose 22:  x: 175.882, y: -322.839, z: -607.355, A: 1.82874, B: 0.146955, C: -1.97542, qx: 0.3976, qy: 0.684169, qz: -0.476054, qw: 0.383667
Pose 23:  x: 175.932, y: -322.798, z: -607.464, A: 1.82884, B: 0.146876, C: -1.97539, qx: 0.397652, qy: 0.684176, qz: -0.476032, qw: 0.383628
Pose 24:  x: 175.945, y: -322.796, z: -607.463, A: 1.82882, B: 0.146811, C: -1.97533, qx: 0.397685, qy: 0.68415, qz: -0.476044, qw: 0.383626
Pose 25:  x: 175.841, y: -322.778, z: -607.548, A: 1.82902, B: 0.146802, C: -1.97563, qx: 0.397622, qy: 0.684254, qz: -0.476036, qw: 0.383514
Pose 26:  x: 175.849, y: -322.777, z: -607.555, A: 1.82906, B: 0.146854, C: -1.9756, qx: 0.397626, qy: 0.684266, qz: -0.476004, qw: 0.383528
Pose 27:  x: 175.851, y: -322.772, z: -607.555, A: 1.82899, B: 0.146807, C: -1.97559, qx: 0.397628, qy: 0.684242, qz: -0.476037, qw: 0.383528
Pose 28:  x: 175.842, y: -322.936, z: -607.589, A: 1.82901, B: 0.146858, C: -1.97568, qx: 0.397589, qy: 0.68427, qz: -0.476035, qw: 0.38352
Pose 29:  x: 175.842, y: -322.946, z: -607.587, A: 1.82899, B: 0.146894, C: -1.97559, qx: 0.397603, qy: 0.684253, qz: -0.476019, qw: 0.383557
Pose 30:  x: 175.761, y: -322.889, z: -607.329, A: 1.82893, B: 0.14681, C: -1.97555, qx: 0.397629, qy: 0.684218, qz: -0.476051, qw: 0.383552
Pose 31:  x: 175.759, y: -322.899, z: -607.312, A: 1.8289, B: 0.14684, C: -1.97556, qx: 0.397614, qy: 0.684219, qz: -0.476053, qw: 0.383564
Pose 32:  x: 175.759, y: -322.903, z: -607.294, A: 1.82891, B: 0.146906, C: -1.97556, qx: 0.397596, qy: 0.684231, qz: -0.476035, qw: 0.383583
Pose 33:  x: 175.711, y: -322.847, z: -607.175, A: 1.82882, B: 0.146792, C: -1.97558, qx: 0.397605, qy: 0.684194, qz: -0.476097, qw: 0.383563
Pose 34:  x: 175.714, y: -322.858, z: -607.162, A: 1.82884, B: 0.146749, C: -1.97554, qx: 0.397634, qy: 0.684185, qz: -0.476093, qw: 0.383554
Pose 35:  x: 175.896, y: -322.946, z: -607.493, A: 1.82874, B: 0.146932, C: -1.97561, qx: 0.397542, qy: 0.684203, qz: -0.476095, qw: 0.383614
Pose 36:  x: 175.831, y: -322.811, z: -607.242, A: 1.82878, B: 0.146686, C: -1.97551, qx: 0.39765, qy: 0.684158, qz: -0.47612, qw: 0.383551
Pose 37:  x: 175.831, y: -322.665, z: -607.245, A: 1.82879, B: 0.146847, C: -1.97553, qx: 0.397601, qy: 0.684185, qz: -0.476085, qw: 0.383598
Pose 38:  x: 175.849, y: -322.646, z: -607.239, A: 1.82877, B: 0.146769, C: -1.97557, qx: 0.397604, qy: 0.68418, qz: -0.476116, qw: 0.383565
Pose 39:  x: 175.867, y: -322.624, z: -607.23, A: 1.82876, B: 0.146775, C: -1.97552, qx: 0.397619, qy: 0.684167, qz: -0.476109, qw: 0.383582
================================Poses================================
device_poses_to_robot_poses
====================== Begin << 1 =====================
tcp2robotbase_mat:
 -0.433703     0.1793   0.883036    682.164
  0.896917   0.179723   0.404028    33.2369
-0.0862602   0.967239  -0.238764    1100.77
         0          0          0          1
====================== End << 1 =======================
====================== Begin << 2 =====================
tcp2robotbase_mat:
 -0.433685   0.179228    0.88306    682.149
  0.896927   0.179677   0.404028    33.2317
-0.0862522   0.967261  -0.238678    1100.78
         0          0          0          1
====================== End << 2 =======================
====================== Begin << 3 =====================
tcp2robotbase_mat:
-0.433605  0.179296  0.883085   682.285
 0.896961  0.179739  0.403925   33.4214
-0.086303  0.967237 -0.238757   1100.83
        0         0         0         1
====================== End << 3 =======================
====================== Begin << 4 =====================
tcp2robotbase_mat:
 -0.433632   0.179283   0.883075    682.278
  0.896946   0.179761   0.403948    33.4275
-0.0863214   0.967235  -0.238757    1100.84
         0          0          0          1
====================== End << 4 =======================
====================== Begin << 5 =====================
tcp2robotbase_mat:
 -0.433429   0.179434   0.883143    682.355
  0.897065   0.179536   0.403784     33.269
-0.0861034   0.967249  -0.238781    1100.73
         0          0          0          1
====================== End << 5 =======================
====================== Begin << 6 =====================
tcp2robotbase_mat:
 -0.433391   0.179474   0.883154    682.366
  0.897084   0.179538   0.403741    33.2661
-0.0860987   0.967241  -0.238814    1100.72
         0          0          0          1
====================== End << 6 =======================
====================== Begin << 7 =====================
tcp2robotbase_mat:
 -0.433402   0.179465    0.88315    682.376
   0.89708   0.179515   0.403759    33.2632
-0.0860781   0.967247  -0.238796    1100.73
         0          0          0          1
====================== End << 7 =======================
====================== Begin << 8 =====================
tcp2robotbase_mat:
 -0.433414   0.179398   0.883158    682.287
  0.897064    0.17961   0.403754    33.3334
-0.0861911   0.967242  -0.238777     1100.7
         0          0          0          1
====================== End << 8 =======================
====================== Begin << 9 =====================
tcp2robotbase_mat:
 -0.433444   0.179376   0.883148    682.283
  0.897046   0.179642   0.403778      33.34
-0.0862223    0.96724  -0.238773     1100.7
         0          0          0          1
====================== End << 9 =======================
====================== Begin << 10 =====================
tcp2robotbase_mat:
-0.433504   0.17937   0.88312   682.343
 0.897024  0.179583  0.403854   33.5483
-0.086154  0.967252 -0.238749   1100.79
        0         0         0         1
====================== End << 10 =======================
====================== Begin << 11 =====================
tcp2robotbase_mat:
 -0.433481   0.179368   0.883132    682.341
  0.897031   0.179619   0.403822    33.5578
-0.0861946   0.967246   -0.23876    1100.79
         0          0          0          1
====================== End << 11 =======================
====================== Begin << 12 =====================
tcp2robotbase_mat:
 -0.433538   0.179377   0.883102    682.334
  0.897008   0.179583   0.403888    33.5718
-0.0861418   0.967251  -0.238759    1100.79
         0          0          0          1
====================== End << 12 =======================
====================== Begin << 13 =====================
tcp2robotbase_mat:
 -0.433549   0.179261    0.88312     682.48
  0.897014   0.179407   0.403953    33.6249
-0.0860249   0.967305  -0.238581    1100.89
         0          0          0          1
====================== End << 13 =======================
====================== Begin << 14 =====================
tcp2robotbase_mat:
 -0.433548    0.17925   0.883123    682.488
  0.897013   0.179426   0.403949     33.633
-0.0860472   0.967303  -0.238579     1100.9
         0          0          0          1
====================== End << 14 =======================
====================== Begin << 15 =====================
tcp2robotbase_mat:
 -0.433667   0.179349   0.883044    682.351
  0.896958   0.179482   0.404047    33.6439
-0.0860246   0.967275  -0.238704     1100.9
         0          0          0          1
====================== End << 15 =======================
====================== Begin << 16 =====================
tcp2robotbase_mat:
 -0.433685   0.179394   0.883026    682.342
  0.896952   0.179475   0.404062    33.6579
-0.0859945   0.967268  -0.238743    1100.91
         0          0          0          1
====================== End << 16 =======================
====================== Begin << 17 =====================
tcp2robotbase_mat:
 -0.433688   0.179386   0.883026     682.33
  0.896948   0.179499    0.40406    33.6695
-0.0860194   0.967265  -0.238746    1100.91
         0          0          0          1
====================== End << 17 =======================
====================== Begin << 18 =====================
tcp2robotbase_mat:
 -0.433669   0.179405   0.883032    682.337
  0.896949    0.17959   0.404017     33.608
-0.0861007   0.967244    -0.2388    1100.89
         0          0          0          1
====================== End << 18 =======================
====================== Begin << 19 =====================
tcp2robotbase_mat:
 -0.433607   0.179457   0.883052    682.324
   0.89699   0.179475   0.403978    33.6217
-0.0859888   0.967256  -0.238792    1100.89
         0          0          0          1
====================== End << 19 =======================
====================== Begin << 20 =====================
tcp2robotbase_mat:
 -0.433623   0.179518   0.883031    682.227
   0.89699   0.179424   0.404001    33.2844
-0.0859111   0.967254  -0.238828    1100.69
         0          0          0          1
====================== End << 20 =======================
====================== Begin << 21 =====================
tcp2robotbase_mat:
 -0.433613   0.179385   0.883063    682.286
  0.896979   0.179528   0.403977    33.5519
-0.0860675   0.967259  -0.238751    1100.81
         0          0          0          1
====================== End << 21 =======================
====================== Begin << 22 =====================
tcp2robotbase_mat:
 -0.433586    0.17935   0.883084    682.273
  0.896994   0.179481   0.403965    33.5564
-0.0860461   0.967275  -0.238697     1100.8
         0          0          0          1
====================== End << 22 =======================
====================== Begin << 23 =====================
tcp2robotbase_mat:
 -0.433576   0.179266   0.883105    682.228
  0.896987   0.179582   0.403937    33.4459
-0.0861778   0.967271  -0.238662    1100.84
         0          0          0          1
====================== End << 23 =======================
====================== Begin << 24 =====================
tcp2robotbase_mat:
 -0.433535   0.179199    0.88314    682.215
  0.897005   0.179561   0.403906    33.4466
-0.0861982   0.967288  -0.238588    1100.85
         0          0          0          1
====================== End << 24 =======================
====================== Begin << 25 =====================
tcp2robotbase_mat:
 -0.433803   0.179209   0.883006    682.321
  0.896866   0.179749   0.404131    33.3646
-0.0862954   0.967251  -0.238702    1100.86
         0          0          0          1
====================== End << 25 =======================
====================== Begin << 26 =====================
tcp2robotbase_mat:
 -0.433773   0.179255   0.883011    682.314
  0.896878   0.179791   0.404086     33.358
-0.0863229   0.967235  -0.238759    1100.86
         0          0          0          1
====================== End << 26 =======================
====================== Begin << 27 =====================
tcp2robotbase_mat:
-0.433772  0.179212  0.883021   682.312
 0.896882  0.179727  0.404105   33.3578
-0.086282  0.967255 -0.238692   1100.87
        0         0         0         1
====================== End << 27 =======================
====================== Begin << 28 =====================
tcp2robotbase_mat:
 -0.433838   0.179268   0.882976    682.315
  0.896853   0.179743   0.404163    33.3223
-0.0862557   0.967241  -0.238757     1100.7
         0          0          0          1
====================== End << 28 =======================
====================== Begin << 29 =====================
tcp2robotbase_mat:
 -0.433758   0.179297    0.88301    682.315
  0.896893   0.179719   0.404085    33.3244
-0.0862421    0.96724  -0.238765    1100.69
         0          0          0          1
====================== End << 29 =======================
====================== Begin << 30 =====================
tcp2robotbase_mat:
 -0.433731   0.179213    0.88304    682.391
  0.896907   0.179661    0.40408    33.5853
-0.0862319   0.967266  -0.238662    1100.74
         0          0          0          1
====================== End << 30 =======================
====================== Begin << 31 =====================
tcp2robotbase_mat:
 -0.433733   0.179244   0.883033    682.392
  0.896909    0.17964   0.404084    33.6017
-0.0861981   0.967265  -0.238681    1100.73
         0          0          0          1
====================== End << 31 =======================
====================== Begin << 32 =====================
tcp2robotbase_mat:
 -0.433727   0.179309   0.883023    682.391
  0.896914   0.179646    0.40407    33.6201
-0.0861781   0.967252  -0.238742    1100.73
         0          0          0          1
====================== End << 32 =======================
====================== Begin << 33 =====================
tcp2robotbase_mat:
 -0.433752   0.179201   0.883032    682.438
  0.896906   0.179555   0.404128    33.7406
-0.0861323   0.967288  -0.238609    1100.78
         0          0          0          1
====================== End << 33 =======================
====================== Begin << 34 =====================
tcp2robotbase_mat:
-0.433725  0.179154  0.883055   682.435
 0.896915  0.179575    0.4041    33.754
-0.086178  0.967293 -0.238572   1100.77
        0         0         0         1
====================== End << 34 =======================
====================== Begin << 35 =====================
tcp2robotbase_mat:
 -0.433756   0.179343   0.883001    682.258
  0.896916   0.179482   0.404138    33.4165
-0.0860038   0.967276  -0.238708    1100.69
         0          0          0          1
====================== End << 35 =======================
====================== Begin << 36 =====================
tcp2robotbase_mat:
 -0.433708   0.179092   0.883076    682.322
  0.896925   0.179524   0.404101    33.6708
-0.0861626   0.967314  -0.238493    1100.82
         0          0          0          1
====================== End << 36 =======================
====================== Begin << 37 =====================
tcp2robotbase_mat:
 -0.433699   0.179252   0.883048    682.328
  0.896935   0.179525   0.404077    33.6694
-0.0860976   0.967285  -0.238637    1100.97
         0          0          0          1
====================== End << 37 =======================
====================== Begin << 38 =====================
tcp2robotbase_mat:
  -0.43375   0.179179   0.883038    682.311
   0.89691   0.179514   0.404138    33.6754
-0.0861045     0.9673  -0.238572    1100.99
         0          0          0          1
====================== End << 38 =======================
====================== Begin << 39 =====================
tcp2robotbase_mat:
 -0.433702   0.179181   0.883061    682.293
  0.896933   0.179501   0.404092    33.6841
-0.0861047   0.967302  -0.238563    1101.01
         0          0          0          1
====================== End << 39 =======================
================================Poses TCP2RB Timestampe================================
Pose 1:  x: 682.164, y: 33.2369, z: 1100.77, A: -2.10454, B: 1.08229, C: -2.74957, qx: 0.395391, qy: 0.680476, qz: 0.50379, qw: 0.35611
Pose 2:  x: 682.149, y: 33.2317, z: 1100.78, A: -2.10438, B: 1.08234, C: -2.7497, qx: 0.395385, qy: 0.680448, qz: 0.503818, qw: 0.35613
Pose 3:  x: 682.285, y: 33.4214, z: 1100.83, A: -2.10464, B: 1.0824, C: -2.7495, qx: 0.395415, qy: 0.68046, qz: 0.503763, qw: 0.356152
Pose 4:  x: 682.278, y: 33.4275, z: 1100.84, A: -2.10461, B: 1.08238, C: -2.74955, qx: 0.3954, qy: 0.680469, qz: 0.503764, qw: 0.35615
Pose 5:  x: 682.355, y: 33.269, z: 1100.73, A: -2.10484, B: 1.08252, C: -2.74909, qx: 0.395542, qy: 0.680394, qz: 0.503764, qw: 0.356134
Pose 6:  x: 682.366, y: 33.2661, z: 1100.72, A: -2.10494, B: 1.08254, C: -2.74898, qx: 0.395564, qy: 0.680394, qz: 0.503746, qw: 0.356137
Pose 7:  x: 682.376, y: 33.2632, z: 1100.73, A: -2.10489, B: 1.08254, C: -2.749, qx: 0.395563, qy: 0.680388, qz: 0.503759, qw: 0.356131
Pose 8:  x: 682.287, y: 33.3334, z: 1100.7, A: -2.10486, B: 1.08255, C: -2.74914, qx: 0.395523, qy: 0.680404, qz: 0.503743, qw: 0.356167
Pose 9:  x: 682.283, y: 33.34, z: 1100.7, A: -2.10483, B: 1.08253, C: -2.74921, qx: 0.395502, qy: 0.680415, qz: 0.503743, qw: 0.356169
Pose 10:  x: 682.343, y: 33.5483, z: 1100.79, A: -2.1047, B: 1.08247, C: -2.74927, qx: 0.395494, qy: 0.680411, qz: 0.503779, qw: 0.356136
Pose 11:  x: 682.341, y: 33.5578, z: 1100.79, A: -2.10476, B: 1.0825, C: -2.74926, qx: 0.395493, qy: 0.680415, qz: 0.503761, qw: 0.356152
Pose 12:  x: 682.334, y: 33.5718, z: 1100.79, A: -2.10468, B: 1.08243, C: -2.74929, qx: 0.395486, qy: 0.680419, qz: 0.503785, qw: 0.35612
Pose 13:  x: 682.48, y: 33.6249, z: 1100.89, A: -2.10429, B: 1.08247, C: -2.74953, qx: 0.395482, qy: 0.680356, qz: 0.503875, qw: 0.356117
Pose 14:  x: 682.488, y: 33.633, z: 1100.9, A: -2.10429, B: 1.08248, C: -2.74955, qx: 0.395476, qy: 0.680359, qz: 0.503871, qw: 0.356124
Pose 15:  x: 682.351, y: 33.6439, z: 1100.9, A: -2.10441, B: 1.08231, C: -2.74945, qx: 0.39546, qy: 0.680414, qz: 0.503856, qw: 0.356059
Pose 16:  x: 682.342, y: 33.6579, z: 1100.91, A: -2.10447, B: 1.08227, C: -2.74937, qx: 0.395469, qy: 0.680423, qz: 0.503852, qw: 0.356036
Pose 17:  x: 682.33, y: 33.6695, z: 1100.91, A: -2.10447, B: 1.08227, C: -2.74939, qx: 0.395462, qy: 0.680429, qz: 0.503846, qw: 0.356042
Pose 18:  x: 682.337, y: 33.608, z: 1100.89, A: -2.10462, B: 1.08228, C: -2.74934, qx: 0.395456, qy: 0.680452, qz: 0.503806, qw: 0.356062
Pose 19:  x: 682.324, y: 33.6217, z: 1100.89, A: -2.10465, B: 1.08233, C: -2.74919, qx: 0.395509, qy: 0.680418, qz: 0.503821, qw: 0.356046
Pose 20:  x: 682.227, y: 33.2844, z: 1100.69, A: -2.10469, B: 1.08228, C: -2.74908, qx: 0.395532, qy: 0.680418, qz: 0.503828, qw: 0.35601
Pose 21:  x: 682.286, y: 33.5519, z: 1100.81, A: -2.10457, B: 1.08235, C: -2.74933, qx: 0.395477, qy: 0.680421, qz: 0.503819, qw: 0.356077
Pose 22:  x: 682.273, y: 33.5564, z: 1100.8, A: -2.10449, B: 1.08239, C: -2.74938, qx: 0.395483, qy: 0.680398, qz: 0.503837, qw: 0.356089
Pose 23:  x: 682.228, y: 33.4459, z: 1100.84, A: -2.10445, B: 1.08244, C: -2.74954, qx: 0.395444, qy: 0.680408, qz: 0.503818, qw: 0.35614
Pose 24:  x: 682.215, y: 33.4466, z: 1100.85, A: -2.10435, B: 1.08251, C: -2.74964, qx: 0.39544, qy: 0.680383, qz: 0.503832, qw: 0.356174
Pose 25:  x: 682.321, y: 33.3646, z: 1100.86, A: -2.10432, B: 1.08223, C: -2.74983, qx: 0.395332, qy: 0.680488, qz: 0.503823, qw: 0.356105
Pose 26:  x: 682.314, y: 33.358, z: 1100.86, A: -2.10447, B: 1.08224, C: -2.74972, qx: 0.395346, qy: 0.6805, qz: 0.503791, qw: 0.356111
Pose 27:  x: 682.312, y: 33.3578, z: 1100.87, A: -2.10433, B: 1.08226, C: -2.7498, qx: 0.395346, qy: 0.680476, qz: 0.503824, qw: 0.356112
Pose 28:  x: 682.315, y: 33.3223, z: 1100.7, A: -2.10438, B: 1.08217, C: -2.74975, qx: 0.39534, qy: 0.680503, qz: 0.50382, qw: 0.356072
Pose 29:  x: 682.315, y: 33.3244, z: 1100.69, A: -2.10448, B: 1.08224, C: -2.74962, qx: 0.395376, qy: 0.680485, qz: 0.503804, qw: 0.356089
Pose 30:  x: 682.391, y: 33.5853, z: 1100.74, A: -2.1043, B: 1.0823, C: -2.74977, qx: 0.39537, qy: 0.680451, qz: 0.503837, qw: 0.356114
Pose 31:  x: 682.392, y: 33.6017, z: 1100.73, A: -2.10433, B: 1.08229, C: -2.74971, qx: 0.395382, qy: 0.680451, qz: 0.503838, qw: 0.356099
Pose 32:  x: 682.391, y: 33.6201, z: 1100.73, A: -2.10445, B: 1.08226, C: -2.74958, qx: 0.395401, qy: 0.680462, qz: 0.50382, qw: 0.356082
Pose 33:  x: 682.438, y: 33.7406, z: 1100.78, A: -2.10415, B: 1.08228, C: -2.74981, qx: 0.39538, qy: 0.680426, qz: 0.503882, qw: 0.356088
Pose 34:  x: 682.435, y: 33.754, z: 1100.77, A: -2.10411, B: 1.08233, C: -2.74988, qx: 0.395371, qy: 0.680418, qz: 0.503879, qw: 0.356117
Pose 35:  x: 682.258, y: 33.4165, z: 1100.69, A: -2.10432, B: 1.08222, C: -2.74953, qx: 0.395433, qy: 0.680431, qz: 0.503877, qw: 0.356026
Pose 36:  x: 682.322, y: 33.6708, z: 1100.82, A: -2.10397, B: 1.08238, C: -2.74999, qx: 0.395367, qy: 0.680391, qz: 0.503907, qw: 0.356133
Pose 37:  x: 682.328, y: 33.6694, z: 1100.97, A: -2.10426, B: 1.08232, C: -2.74966, qx: 0.395415, qy: 0.680416, qz: 0.503869, qw: 0.356086
Pose 38:  x: 682.311, y: 33.6754, z: 1100.99, A: -2.10407, B: 1.0823, C: -2.74985, qx: 0.395382, qy: 0.680411, qz: 0.503901, qw: 0.356087
Pose 39:  x: 682.293, y: 33.6841, z: 1101.01, A: -2.1041, B: 1.08235, C: -2.74981, qx: 0.395399, qy: 0.680398, qz: 0.503894, qw: 0.356102
================================Poses TCP2RB Timestampe================================
p1.pose.quat: 0.35611, 0.395391, 0.680476, 0.50379
p2.pose.quat: 0.35613, 0.395385, 0.680448, 0.503818
q_t: 0.35612, 0.395388, 0.680462, 0.503804
Interpolated Euler angles: A: -2.10446, B: 1.08232, C: -2.74964
p1.pose.quat: 0.35611, 0.395391, 0.680476, 0.50379
p2.pose.quat: 0.35613, 0.395385, 0.680448, 0.503818
q_t: 0.35613, 0.395385, 0.680448, 0.503818
Interpolated Euler angles: A: -2.10438, B: 1.08234, C: -2.7497
p1.pose.quat: 0.35613, 0.395385, 0.680448, 0.503818
p2.pose.quat: 0.356152, 0.395415, 0.68046, 0.503763
q_t: 0.35614, 0.395398, 0.680453, 0.503794
Interpolated Euler angles: A: -2.1045, B: 1.08237, C: -2.74961
p1.pose.quat: 0.35613, 0.395385, 0.680448, 0.503818
p2.pose.quat: 0.356152, 0.395415, 0.68046, 0.503763
q_t: 0.35615, 0.395412, 0.680458, 0.503769
Interpolated Euler angles: A: -2.10461, B: 1.08239, C: -2.74952
p1.pose.quat: 0.356152, 0.395415, 0.68046, 0.503763
p2.pose.quat: 0.35615, 0.3954, 0.680469, 0.503764
q_t: 0.356151, 0.395409, 0.680463, 0.503764
Interpolated Euler angles: A: -2.10463, B: 1.08239, C: -2.74952
p1.pose.quat: 0.356152, 0.395415, 0.68046, 0.503763
p2.pose.quat: 0.35615, 0.3954, 0.680469, 0.503764
q_t: 0.35615, 0.3954, 0.680469, 0.503764
Interpolated Euler angles: A: -2.10461, B: 1.08238, C: -2.74955
p1.pose.quat: 0.35615, 0.3954, 0.680469, 0.503764
p2.pose.quat: 0.356134, 0.395542, 0.680394, 0.503764
q_t: 0.356142, 0.395471, 0.680431, 0.503764
Interpolated Euler angles: A: -2.10473, B: 1.08245, C: -2.74932
p1.pose.quat: 0.35615, 0.3954, 0.680469, 0.503764
p2.pose.quat: 0.356134, 0.395542, 0.680394, 0.503764
q_t: 0.356134, 0.395542, 0.680394, 0.503764
Interpolated Euler angles: A: -2.10484, B: 1.08252, C: -2.74909
p1.pose.quat: 0.356134, 0.395542, 0.680394, 0.503764
p2.pose.quat: 0.356137, 0.395564, 0.680394, 0.503746
q_t: 0.356135, 0.395553, 0.680394, 0.503755
Interpolated Euler angles: A: -2.10489, B: 1.08253, C: -2.74903
p1.pose.quat: 0.356134, 0.395542, 0.680394, 0.503764
p2.pose.quat: 0.356137, 0.395564, 0.680394, 0.503746
q_t: 0.356137, 0.395564, 0.680394, 0.503746
Interpolated Euler angles: A: -2.10494, B: 1.08254, C: -2.74898
p1.pose.quat: 0.356137, 0.395564, 0.680394, 0.503746
p2.pose.quat: 0.356131, 0.395563, 0.680388, 0.503759
q_t: 0.356134, 0.395564, 0.680391, 0.503751
Interpolated Euler angles: A: -2.10492, B: 1.08254, C: -2.74899
p1.pose.quat: 0.356137, 0.395564, 0.680394, 0.503746
p2.pose.quat: 0.356131, 0.395563, 0.680388, 0.503759
q_t: 0.356131, 0.395563, 0.680389, 0.503757
Interpolated Euler angles: A: -2.1049, B: 1.08254, C: -2.749
p1.pose.quat: 0.356131, 0.395563, 0.680388, 0.503759
p2.pose.quat: 0.356167, 0.395523, 0.680404, 0.503743
q_t: 0.356146, 0.395546, 0.680395, 0.503752
Interpolated Euler angles: A: -2.10488, B: 1.08254, C: -2.74906
p1.pose.quat: 0.356131, 0.395563, 0.680388, 0.503759
p2.pose.quat: 0.356167, 0.395523, 0.680404, 0.503743
q_t: 0.356167, 0.395523, 0.680404, 0.503743
Interpolated Euler angles: A: -2.10486, B: 1.08255, C: -2.74914
p1.pose.quat: 0.356167, 0.395523, 0.680404, 0.503743
p2.pose.quat: 0.356169, 0.395502, 0.680415, 0.503743
q_t: 0.356168, 0.395512, 0.68041, 0.503743
Interpolated Euler angles: A: -2.10485, B: 1.08254, C: -2.74918
p1.pose.quat: 0.356167, 0.395523, 0.680404, 0.503743
p2.pose.quat: 0.356169, 0.395502, 0.680415, 0.503743
q_t: 0.356169, 0.395502, 0.680415, 0.503743
Interpolated Euler angles: A: -2.10483, B: 1.08253, C: -2.74921
p1.pose.quat: 0.356169, 0.395502, 0.680415, 0.503743
p2.pose.quat: 0.356136, 0.395494, 0.680411, 0.503779
q_t: 0.356154, 0.395498, 0.680413, 0.503759
Interpolated Euler angles: A: -2.10477, B: 1.0825, C: -2.74924
p1.pose.quat: 0.356169, 0.395502, 0.680415, 0.503743
p2.pose.quat: 0.356136, 0.395494, 0.680411, 0.503779
q_t: 0.356139, 0.395495, 0.680411, 0.503775
Interpolated Euler angles: A: -2.10472, B: 1.08248, C: -2.74927
p1.pose.quat: 0.356136, 0.395494, 0.680411, 0.503779
p2.pose.quat: 0.356152, 0.395493, 0.680415, 0.503761
q_t: 0.356143, 0.395494, 0.680413, 0.503771
Interpolated Euler angles: A: -2.10473, B: 1.08248, C: -2.74927
p1.pose.quat: 0.356136, 0.395494, 0.680411, 0.503779
p2.pose.quat: 0.356152, 0.395493, 0.680415, 0.503761
q_t: 0.356152, 0.395493, 0.680415, 0.503761
Interpolated Euler angles: A: -2.10476, B: 1.0825, C: -2.74926
p1.pose.quat: 0.356152, 0.395493, 0.680415, 0.503761
p2.pose.quat: 0.35612, 0.395486, 0.680419, 0.503785
q_t: 0.356136, 0.39549, 0.680417, 0.503773
Interpolated Euler angles: A: -2.10472, B: 1.08246, C: -2.74927
p1.pose.quat: 0.356152, 0.395493, 0.680415, 0.503761
p2.pose.quat: 0.35612, 0.395486, 0.680419, 0.503785
q_t: 0.35612, 0.395486, 0.680419, 0.503785
Interpolated Euler angles: A: -2.10468, B: 1.08243, C: -2.74929
p1.pose.quat: 0.35612, 0.395486, 0.680419, 0.503785
p2.pose.quat: 0.356117, 0.395482, 0.680356, 0.503875
q_t: 0.356119, 0.395485, 0.680391, 0.503825
Interpolated Euler angles: A: -2.10451, B: 1.08245, C: -2.74939
p1.pose.quat: 0.35612, 0.395486, 0.680419, 0.503785
p2.pose.quat: 0.356117, 0.395482, 0.680356, 0.503875
q_t: 0.356117, 0.395483, 0.680363, 0.503865
Interpolated Euler angles: A: -2.10433, B: 1.08247, C: -2.7495
p1.pose.quat: 0.356117, 0.395482, 0.680356, 0.503875
p2.pose.quat: 0.356124, 0.395476, 0.680359, 0.503871
q_t: 0.35612, 0.39548, 0.680357, 0.503873
Interpolated Euler angles: A: -2.10429, B: 1.08247, C: -2.74953
p1.pose.quat: 0.356117, 0.395482, 0.680356, 0.503875
p2.pose.quat: 0.356124, 0.395476, 0.680359, 0.503871
q_t: 0.356124, 0.395476, 0.680359, 0.503871
Interpolated Euler angles: A: -2.10429, B: 1.08248, C: -2.74955
p1.pose.quat: 0.356124, 0.395476, 0.680359, 0.503871
p2.pose.quat: 0.356059, 0.39546, 0.680414, 0.503856
q_t: 0.356091, 0.395468, 0.680386, 0.503863
Interpolated Euler angles: A: -2.10435, B: 1.08239, C: -2.7495
p1.pose.quat: 0.356124, 0.395476, 0.680359, 0.503871
p2.pose.quat: 0.356059, 0.39546, 0.680414, 0.503856
q_t: 0.356059, 0.39546, 0.680414, 0.503856
Interpolated Euler angles: A: -2.10441, B: 1.08231, C: -2.74945
p1.pose.quat: 0.356059, 0.39546, 0.680414, 0.503856
p2.pose.quat: 0.356036, 0.395469, 0.680423, 0.503852
q_t: 0.356047, 0.395465, 0.680419, 0.503854
Interpolated Euler angles: A: -2.10444, B: 1.08229, C: -2.74941
p1.pose.quat: 0.356059, 0.39546, 0.680414, 0.503856
p2.pose.quat: 0.356036, 0.395469, 0.680423, 0.503852
q_t: 0.356036, 0.395469, 0.680423, 0.503852
Interpolated Euler angles: A: -2.10447, B: 1.08227, C: -2.74937
p1.pose.quat: 0.356036, 0.395469, 0.680423, 0.503852
p2.pose.quat: 0.356042, 0.395462, 0.680429, 0.503846
q_t: 0.356039, 0.395465, 0.680426, 0.503849
Interpolated Euler angles: A: -2.10447, B: 1.08227, C: -2.74938
p1.pose.quat: 0.356036, 0.395469, 0.680423, 0.503852
p2.pose.quat: 0.356042, 0.395462, 0.680429, 0.503846
q_t: 0.356042, 0.395462, 0.680429, 0.503846
Interpolated Euler angles: A: -2.10447, B: 1.08227, C: -2.74939
p1.pose.quat: 0.356042, 0.395462, 0.680429, 0.503846
p2.pose.quat: 0.356062, 0.395456, 0.680452, 0.503806
q_t: 0.356052, 0.395459, 0.68044, 0.503826
Interpolated Euler angles: A: -2.10455, B: 1.08228, C: -2.74937
p1.pose.quat: 0.356042, 0.395462, 0.680429, 0.503846
p2.pose.quat: 0.356062, 0.395456, 0.680452, 0.503806
q_t: 0.356062, 0.395456, 0.680452, 0.503806
Interpolated Euler angles: A: -2.10462, B: 1.08228, C: -2.74934
p1.pose.quat: 0.356062, 0.395456, 0.680452, 0.503806
p2.pose.quat: 0.356046, 0.395509, 0.680418, 0.503821
q_t: 0.356054, 0.395482, 0.680435, 0.503813
Interpolated Euler angles: A: -2.10463, B: 1.0823, C: -2.74926
p1.pose.quat: 0.356062, 0.395456, 0.680452, 0.503806
p2.pose.quat: 0.356046, 0.395509, 0.680418, 0.503821
q_t: 0.356046, 0.395509, 0.680418, 0.503821
Interpolated Euler angles: A: -2.10465, B: 1.08233, C: -2.74919
p1.pose.quat: 0.356046, 0.395509, 0.680418, 0.503821
p2.pose.quat: 0.35601, 0.395532, 0.680418, 0.503828
q_t: 0.356028, 0.395521, 0.680418, 0.503824
Interpolated Euler angles: A: -2.10467, B: 1.0823, C: -2.74913
p1.pose.quat: 0.356046, 0.395509, 0.680418, 0.503821
p2.pose.quat: 0.35601, 0.395532, 0.680418, 0.503828
q_t: 0.35601, 0.395532, 0.680418, 0.503828
Interpolated Euler angles: A: -2.10469, B: 1.08228, C: -2.74908
p1.pose.quat: 0.35601, 0.395532, 0.680418, 0.503828
p2.pose.quat: 0.356077, 0.395477, 0.680421, 0.503819
q_t: 0.35604, 0.395508, 0.680419, 0.503824
Interpolated Euler angles: A: -2.10464, B: 1.08231, C: -2.74919
p1.pose.quat: 0.35601, 0.395532, 0.680418, 0.503828
p2.pose.quat: 0.356077, 0.395477, 0.680421, 0.503819
q_t: 0.35607, 0.395483, 0.680421, 0.50382
Interpolated Euler angles: A: -2.10459, B: 1.08234, C: -2.7493
p1.pose.quat: 0.356077, 0.395477, 0.680421, 0.503819
p2.pose.quat: 0.356089, 0.395483, 0.680398, 0.503837
q_t: 0.356083, 0.39548, 0.680411, 0.503827
Interpolated Euler angles: A: -2.10454, B: 1.08237, C: -2.74935
p1.pose.quat: 0.356077, 0.395477, 0.680421, 0.503819
p2.pose.quat: 0.356089, 0.395483, 0.680398, 0.503837
q_t: 0.356089, 0.395483, 0.680398, 0.503837
Interpolated Euler angles: A: -2.10449, B: 1.08239, C: -2.74938
p1.pose.quat: 0.356089, 0.395483, 0.680398, 0.503837
p2.pose.quat: 0.35614, 0.395444, 0.680408, 0.503818
q_t: 0.356115, 0.395464, 0.680403, 0.503828
Interpolated Euler angles: A: -2.10447, B: 1.08242, C: -2.74946
p1.pose.quat: 0.356089, 0.395483, 0.680398, 0.503837
p2.pose.quat: 0.35614, 0.395444, 0.680408, 0.503818
q_t: 0.35614, 0.395444, 0.680408, 0.503818
Interpolated Euler angles: A: -2.10445, B: 1.08244, C: -2.74954
p1.pose.quat: 0.35614, 0.395444, 0.680408, 0.503818
p2.pose.quat: 0.356174, 0.39544, 0.680383, 0.503832
q_t: 0.356155, 0.395442, 0.680397, 0.503824
Interpolated Euler angles: A: -2.10441, B: 1.08247, C: -2.74958
p1.pose.quat: 0.35614, 0.395444, 0.680408, 0.503818
p2.pose.quat: 0.356174, 0.39544, 0.680383, 0.503832
q_t: 0.35617, 0.395441, 0.680386, 0.50383
Interpolated Euler angles: A: -2.10436, B: 1.08251, C: -2.74963
p1.pose.quat: 0.356174, 0.39544, 0.680383, 0.503832
p2.pose.quat: 0.356105, 0.395332, 0.680488, 0.503823
q_t: 0.356144, 0.395394, 0.680428, 0.503828
Interpolated Euler angles: A: -2.10434, B: 1.08239, C: -2.74972
p1.pose.quat: 0.356174, 0.39544, 0.680383, 0.503832
p2.pose.quat: 0.356105, 0.395332, 0.680488, 0.503823
q_t: 0.356105, 0.395332, 0.680488, 0.503823
Interpolated Euler angles: A: -2.10432, B: 1.08223, C: -2.74983
p1.pose.quat: 0.356105, 0.395332, 0.680488, 0.503823
p2.pose.quat: 0.356111, 0.395346, 0.6805, 0.503791
q_t: 0.356108, 0.395339, 0.680494, 0.503807
Interpolated Euler angles: A: -2.10439, B: 1.08223, C: -2.74978
p1.pose.quat: 0.356105, 0.395332, 0.680488, 0.503823
p2.pose.quat: 0.356111, 0.395346, 0.6805, 0.503791
q_t: 0.356111, 0.395346, 0.6805, 0.503791
Interpolated Euler angles: A: -2.10447, B: 1.08224, C: -2.74972
p1.pose.quat: 0.356111, 0.395346, 0.6805, 0.503791
p2.pose.quat: 0.356112, 0.395346, 0.680476, 0.503824
q_t: 0.356111, 0.395346, 0.680488, 0.503808
Interpolated Euler angles: A: -2.1044, B: 1.08225, C: -2.74976
p1.pose.quat: 0.356111, 0.395346, 0.6805, 0.503791
p2.pose.quat: 0.356112, 0.395346, 0.680476, 0.503824
q_t: 0.356112, 0.395346, 0.680476, 0.503824
Interpolated Euler angles: A: -2.10433, B: 1.08226, C: -2.7498
p1.pose.quat: 0.356112, 0.395346, 0.680476, 0.503824
p2.pose.quat: 0.356072, 0.39534, 0.680503, 0.50382
