   0.997264   0.0574029  -0.0465699
 -0.0570012    0.998325  0.00990831
tcp2robotbase_ori_mat_offset:
   0.0010512  0.000627841     0.999999
    0.999988   0.00485295  -0.00105424
 -0.00485361     0.999988 -0.000622732
orientation_offset_matrix:
   0.997578  -0.0521313   0.0460448
  0.0525491    0.998587 -0.00790887
 -0.0455674   0.0103093    0.998908
tcp2robotbase_mat:
   0.0010512  0.000627841     0.999999      758.167
    0.999988   0.00485295  -0.00105424      135.621
 -0.00485361     0.999988 -0.000622732      1077.97
           0            0            0            1
robot_tcp_pose: A: 2.10434 B: 1.56957 C: -0.538402
====================== End << 216 =======================
====================== Begin << 217 =====================
tcp2robotbase_ori_mat:
  0.0471377 -0.00670063    0.998866
   0.997264   0.0573196  -0.0466776
 -0.0569419    0.998333  0.00938421
tcp2robotbase_ori_mat_offset:
 0.00115569  0.00114912    0.999999
   0.999988  0.00476874 -0.00116115
-0.00477007    0.999988 -0.00114359
orientation_offset_matrix:
   0.997578  -0.0521313   0.0460448
  0.0525491    0.998587 -0.00790887
 -0.0455674   0.0103093    0.998908
tcp2robotbase_mat:
 0.00115569  0.00114912    0.999999     757.927
   0.999988  0.00476874 -0.00116115     135.464
-0.00477007    0.999988 -0.00114359     1077.67
          0           0           0           1
robot_tcp_pose: A: 2.34858 B: 1.56917 C: -0.782549
====================== End << 217 =======================
====================== Begin << 218 =====================
tcp2robotbase_ori_mat:
  0.0471579 -0.00666733    0.998865
    0.99726   0.0573819  -0.0466991
 -0.0570054     0.99833  0.00935507
tcp2robotbase_ori_mat_offset:
 0.00117763  0.00118131    0.999999
   0.999988  0.00483094 -0.00118332
-0.00483233    0.999988  -0.0011756
orientation_offset_matrix:
   0.997578  -0.0521313   0.0460448
  0.0525491    0.998587 -0.00790887
 -0.0455674   0.0103093    0.998908
tcp2robotbase_mat:
 0.00117763  0.00118131    0.999999     757.926
   0.999988  0.00483094 -0.00118332     135.462
-0.00483233    0.999988  -0.0011756     1077.65
          0           0           0           1
robot_tcp_pose: A: 2.35292 B: 1.56913 C: -0.786958
====================== End << 218 =======================
====================== Begin << 219 =====================
tcp2robotbase_ori_mat:
  0.0472826 -0.00644666    0.998861
   0.997268   0.0571206  -0.0468386
 -0.0567536    0.998346  0.00912986
tcp2robotbase_ori_mat_offset:
 0.00131387  0.00139512    0.999998
   0.999989  0.00456818 -0.00132023
-0.00457002    0.999989  -0.0013891
orientation_offset_matrix:
   0.997578  -0.0521313   0.0460448
  0.0525491    0.998587 -0.00790887
 -0.0455674   0.0103093    0.998908
tcp2robotbase_mat:
 0.00131387  0.00139512    0.999998      757.88
   0.999989  0.00456818 -0.00132023      135.44
-0.00457002    0.999989  -0.0013891     1077.53
          0           0           0           1
robot_tcp_pose: A: 2.38161 B: 1.56888 C: -0.815383
====================== End << 219 =======================
====================== Begin << 220 =====================
tcp2robotbase_ori_mat:
  0.0472747 -0.00643562    0.998861
    0.99727   0.0570979  -0.0468315
 -0.0567315    0.998348  0.00911734
tcp2robotbase_ori_mat_offset:
  0.0013065  0.00140656    0.999998
   0.999989  0.00454549 -0.00131288
-0.00454732    0.999989 -0.00140061
orientation_offset_matrix:
   0.997578  -0.0521313   0.0460448
  0.0525491    0.998587 -0.00790887
 -0.0455674   0.0103093    0.998908
tcp2robotbase_mat:
  0.0013065  0.00140656    0.999998     757.876
   0.999989  0.00454549 -0.00131288     135.437
-0.00454732    0.999989 -0.00140061     1077.52
          0           0           0           1
robot_tcp_pose: A: 2.38851 B: 1.56888 C: -0.822264
====================== End << 220 =======================
====================== Begin << 221 =====================
tcp2robotbase_ori_mat:
  0.0473145 -0.00588126    0.998863
   0.997279   0.0568716  -0.0469047
 -0.0565311    0.998364  0.00855611
tcp2robotbase_ori_mat_offset:
 0.00137531  0.00195808    0.999997
    0.99999  0.00431823 -0.00138375
-0.00432092    0.999989 -0.00195212
orientation_offset_matrix:
   0.997578  -0.0521313   0.0460448
  0.0525491    0.998587 -0.00790887
 -0.0455674   0.0103093    0.998908
tcp2robotbase_mat:
 0.00137531  0.00195808    0.999997     757.828
    0.99999  0.00431823 -0.00138375     135.145
-0.00432092    0.999989 -0.00195212     1077.37
          0           0           0           1
robot_tcp_pose: A: 2.52496 B: 1.5684 C: -0.95848
====================== End << 221 =======================
====================== Begin << 222 =====================
tcp2robotbase_ori_mat:
 0.0473638  -0.005877    0.99886
  0.997276  0.0568882  -0.046954
-0.0565475   0.998363 0.00855544
tcp2robotbase_ori_mat_offset:
 0.00142481  0.00195973    0.999997
    0.99999  0.00433449 -0.00143329
-0.00433729    0.999989 -0.00195354
orientation_offset_matrix:
   0.997578  -0.0521313   0.0460448
  0.0525491    0.998587 -0.00790887
 -0.0455674   0.0103093    0.998908
tcp2robotbase_mat:
 0.00142481  0.00195973    0.999997     757.829
    0.99999  0.00433449 -0.00143329     135.124
-0.00433729    0.999989 -0.00195354     1077.34
          0           0           0           1
robot_tcp_pose: A: 2.50861 B: 1.56837 C: -0.94215
====================== End << 222 =======================
====================== Begin << 223 =====================
tcp2robotbase_ori_mat:
  0.0473043 -0.00590687    0.998863
   0.997278   0.0568926  -0.0468928
 -0.0565509    0.998363  0.00858206
tcp2robotbase_ori_mat_offset:
 0.00136371  0.00193304    0.999997
    0.99999  0.00433937 -0.00137209
-0.00434201    0.999989 -0.00192711
orientation_offset_matrix:
   0.997578  -0.0521313   0.0460448
  0.0525491    0.998587 -0.00790887
 -0.0455674   0.0103093    0.998908
tcp2robotbase_mat:
 0.00136371  0.00193304    0.999997      757.83
    0.99999  0.00433937 -0.00137209     135.101
-0.00434201    0.999989 -0.00192711     1077.32
          0           0           0           1
robot_tcp_pose: A: 2.52286 B: 1.56843 C: -0.956406
====================== End << 223 =======================
====================== Begin << 224 =====================
tcp2robotbase_ori_mat:
   0.047414 -0.00541901    0.998861
   0.997284   0.0566802  -0.0470317
 -0.0563607    0.998378  0.00809173
tcp2robotbase_ori_mat_offset:
 0.00149896  0.00241447    0.999996
    0.99999  0.00412552 -0.00150891
-0.00412914    0.999989 -0.00240826
orientation_offset_matrix:
   0.997578  -0.0521313   0.0460448
  0.0525491    0.998587 -0.00790887
 -0.0455674   0.0103093    0.998908
tcp2robotbase_mat:
 0.00149896  0.00241447    0.999996     757.821
    0.99999  0.00412552 -0.00150891     135.066
-0.00412914    0.999989 -0.00240826     1077.26
          0           0           0           1
robot_tcp_pose: A: 2.58187 B: 1.56795 C: -1.0152
====================== End << 224 =======================
====================== Begin << 225 =====================
tcp2robotbase_ori_mat:
  0.0475187 -0.00542789    0.998856
   0.997277   0.0567142  -0.0471354
 -0.0563935    0.998376  0.00810809
tcp2robotbase_ori_mat_offset:
  0.0016031   0.0024001    0.999996
    0.99999  0.00415877 -0.00161307
-0.00416262    0.999988 -0.00239341
orientation_offset_matrix:
   0.997578  -0.0521313   0.0460448
  0.0525491    0.998587 -0.00790887
 -0.0455674   0.0103093    0.998908
tcp2robotbase_mat:
  0.0016031   0.0024001    0.999996     757.831
    0.99999  0.00415877 -0.00161307      135.04
-0.00416262    0.999988 -0.00239341     1077.23
          0           0           0           1
robot_tcp_pose: A: 2.54856 B: 1.56791 C: -0.98192
====================== End << 225 =======================
====================== Begin << 226 =====================
tcp2robotbase_ori_mat:
 0.0473638 -0.0057919   0.998861
  0.997284   0.056741   -0.04696
-0.0564044   0.998372 0.00846364
tcp2robotbase_ori_mat_offset:
  0.0014292  0.00204473    0.999997
    0.99999  0.00418702 -0.00143775
-0.00418995    0.999989 -0.00203872
orientation_offset_matrix:
   0.997578  -0.0521313   0.0460448
  0.0525491    0.998587 -0.00790887
 -0.0455674   0.0103093    0.998908
tcp2robotbase_mat:
  0.0014292  0.00204473    0.999997     758.007
    0.99999  0.00418702 -0.00143775     135.159
-0.00418995    0.999989 -0.00203872     1077.62
          0           0           0           1
robot_tcp_pose: A: 2.52737 B: 1.5683 C: -0.960764
====================== End << 226 =======================
====================== Begin << 227 =====================
tcp2robotbase_ori_mat:
  0.0473641 -0.00577631    0.998861
   0.997284   0.0567362  -0.0469612
 -0.0564003    0.998372  0.00844788
tcp2robotbase_ori_mat_offset:
 0.00143031  0.00206028    0.999997
    0.99999  0.00418214 -0.00143891
-0.00418509    0.999989 -0.00205428
orientation_offset_matrix:
   0.997578  -0.0521313   0.0460448
  0.0525491    0.998587 -0.00790887
 -0.0455674   0.0103093    0.998908
tcp2robotbase_mat:
 0.00143031  0.00206028    0.999997     758.033
    0.99999  0.00418214 -0.00143891     135.134
-0.00418509    0.999989 -0.00205428     1077.63
          0           0           0           1
robot_tcp_pose: A: 2.53057 B: 1.56829 C: -0.963955
====================== End << 227 =======================
====================== Begin << 228 =====================
tcp2robotbase_ori_mat:
  0.0473221 -0.00578105    0.998863
   0.997287   0.0567247  -0.0469191
  -0.056389    0.998373  0.00844969
tcp2robotbase_ori_mat_offset:
 0.00138809  0.00205776    0.999997
    0.99999  0.00417098 -0.00139667
-0.00417384    0.999989 -0.00205195
orientation_offset_matrix:
   0.997578  -0.0521313   0.0460448
  0.0525491    0.998587 -0.00790887
 -0.0455674   0.0103093    0.998908
tcp2robotbase_mat:
 0.00138809  0.00205776    0.999997     758.067
    0.99999  0.00417098 -0.00139667     135.106
-0.00417384    0.999989 -0.00205195     1077.63
          0           0           0           1
robot_tcp_pose: A: 2.54397 B: 1.56831 C: -0.977345
====================== End << 228 =======================
====================== Begin << 229 =====================
tcp2robotbase_ori_mat:
  0.0471096 -0.00608114    0.998871
   0.997297   0.0567316    -0.04669
 -0.0563837    0.998371   0.0087373
tcp2robotbase_ori_mat_offset:
 0.00115999  0.00176925    0.999998
   0.999991  0.00417971 -0.00116738
-0.00418177     0.99999 -0.00176439
orientation_offset_matrix:
   0.997578  -0.0521313   0.0460448
  0.0525491    0.998587 -0.00790887
 -0.0455674   0.0103093    0.998908
tcp2robotbase_mat:
 0.00115999  0.00176925    0.999998     758.091
   0.999991  0.00417971 -0.00116738     135.256
-0.00418177     0.99999 -0.00176439     1077.79
          0           0           0           1
robot_tcp_pose: A: 2.55708 B: 1.56868 C: -0.990467
====================== End << 229 =======================
====================== Begin << 230 =====================
tcp2robotbase_ori_mat:
  0.0471336 -0.00615667     0.99887
   0.997297   0.0567213  -0.0467097
 -0.0563696    0.998371   0.0088135
tcp2robotbase_ori_mat_offset:
    0.00118  0.00169256    0.999998
   0.999991  0.00416922 -0.00118705
-0.00417122     0.99999 -0.00168763
orientation_offset_matrix:
   0.997578  -0.0521313   0.0460448
  0.0525491    0.998587 -0.00790887
 -0.0455674   0.0103093    0.998908
tcp2robotbase_mat:
    0.00118  0.00169256    0.999998      758.11
   0.999991  0.00416922 -0.00118705     135.235
-0.00417122     0.99999 -0.00168763     1077.81
          0           0           0           1
robot_tcp_pose: A: 2.5286 B: 1.56873 C: -0.961973
====================== End << 230 =======================
====================== Begin << 231 =====================
tcp2robotbase_ori_mat:
  0.0470651 -0.00638827    0.998871
   0.997286   0.0569855   -0.046626
 -0.0566233    0.998355  0.00905296
tcp2robotbase_ori_mat_offset:
 0.00109949  0.00146487    0.999998
    0.99999  0.00443447 -0.00110598
-0.00443608    0.999989 -0.00145998
orientation_offset_matrix:
   0.997578  -0.0521313   0.0460448
  0.0525491    0.998587 -0.00790887
 -0.0455674   0.0103093    0.998908
tcp2robotbase_mat:
 0.00109949  0.00146487    0.999998     758.426
    0.99999  0.00443447 -0.00110598     136.197
-0.00443608    0.999989 -0.00145998     1078.15
          0           0           0           1
robot_tcp_pose: A: 2.49329 B: 1.56896 C: -0.926928
====================== End << 231 =======================
====================== Begin << 232 =====================
tcp2robotbase_ori_mat:
  0.0471167 -0.00634871    0.998869
   0.997282   0.0570017  -0.0466796
 -0.0566409    0.998354  0.00901719
tcp2robotbase_ori_mat_offset:
 0.00115311  0.00150167    0.999998
   0.999989  0.00445028 -0.00115978
-0.00445201    0.999989 -0.00149652
orientation_offset_matrix:
   0.997578  -0.0521313   0.0460448
  0.0525491    0.998587 -0.00790887
 -0.0455674   0.0103093    0.998908
tcp2robotbase_mat:
 0.00115311  0.00150167    0.999998     758.464
   0.999989  0.00445028 -0.00115978     136.231
-0.00445201    0.999989 -0.00149652     1078.16
          0           0           0           1
robot_tcp_pose: A: 2.48229 B: 1.5689 C: -0.915948
====================== End << 232 =======================
====================== Begin << 233 =====================
tcp2robotbase_ori_mat:
  0.0471161 -0.00639258    0.998869
   0.997277   0.0570883  -0.0466757
 -0.0567254    0.998349  0.00906495
tcp2robotbase_ori_mat_offset:
 0.00115025  0.00145789    0.999998
   0.999989  0.00453706 -0.00115685
-0.00453874    0.999989 -0.00145265
orientation_offset_matrix:
   0.997578  -0.0521313   0.0460448
  0.0525491    0.998587 -0.00790887
 -0.0455674   0.0103093    0.998908
tcp2robotbase_mat:
 0.00115025  0.00145789    0.999998       758.5
   0.999989  0.00453706 -0.00115685     136.259
-0.00453874    0.999989 -0.00145265     1078.17
          0           0           0           1
robot_tcp_pose: A: 2.46907 B: 1.56894 C: -0.90281
====================== End << 233 =======================
====================== Begin << 234 =====================
tcp2robotbase_ori_mat:
  0.0472235 -0.00673563    0.998862
   0.997266   0.0572246  -0.0467622
 -0.0568445    0.998339  0.00941956
tcp2robotbase_ori_mat_offset:
 0.00123966  0.00110965    0.999999
   0.999988  0.00467291 -0.00124483
-0.00467428    0.999988 -0.00110384
orientation_offset_matrix:
   0.997578  -0.0521313   0.0460448
  0.0525491    0.998587 -0.00790887
 -0.0455674   0.0103093    0.998908
tcp2robotbase_mat:
 0.00123966  0.00110965    0.999999     758.344
   0.999988  0.00467291 -0.00124483     136.419
-0.00467428    0.999988 -0.00110384     1078.39
          0           0           0           1
robot_tcp_pose: A: 2.29624 B: 1.56913 C: -0.730114
====================== End << 234 =======================
====================== Begin << 235 =====================
tcp2robotbase_ori_mat:
 0.0471172 -0.0066806   0.998867
  0.997268  0.0572721 -0.0466587
-0.0568955   0.998336 0.00936085
tcp2robotbase_ori_mat_offset:
 0.00113622   0.0011702    0.999999
   0.999988  0.00472132 -0.00114174
-0.00472265    0.999988 -0.00116482
orientation_offset_matrix:
   0.997578  -0.0521313   0.0460448
  0.0525491    0.998587 -0.00790887
 -0.0455674   0.0103093    0.998908
tcp2robotbase_mat:
 0.00113622   0.0011702    0.999999      758.36
   0.999988  0.00472132 -0.00114174     136.457
-0.00472265    0.999988 -0.00116482      1078.4
          0           0           0           1
robot_tcp_pose: A: 2.3662 B: 1.56917 C: -0.800129
====================== End << 235 =======================
====================== Begin << 236 =====================
tcp2robotbase_ori_mat:
  0.0470736 -0.00687727    0.998868
   0.997271   0.0572524  -0.0466041
 -0.0568671    0.998336  0.00955358
tcp2robotbase_ori_mat_offset:
  0.00108236  0.000976092     0.999999
    0.999988   0.00470202  -0.00108693
 -0.00470307     0.999988 -0.000970992
orientation_offset_matrix:
   0.997578  -0.0521313   0.0460448
  0.0525491    0.998587 -0.00790887
 -0.0455674   0.0103093    0.998908
tcp2robotbase_mat:
  0.00108236  0.000976092     0.999999      758.229
    0.999988   0.00470202  -0.00108693       136.22
 -0.00470307     0.999988 -0.000970992      1078.41
           0            0            0            1
robot_tcp_pose: A: 2.29991 B: 1.56934 C: -0.733821
====================== End << 236 =======================
====================== Begin << 237 =====================
tcp2robotbase_ori_mat:
  0.0471378 -0.00694359    0.998864
   0.997268   0.0572691  -0.0466643
 -0.0568801    0.998335  0.00962416
tcp2robotbase_ori_mat_offset:
  0.00114311  0.000906477     0.999999
    0.999988   0.00471827  -0.00114737
 -0.00471931     0.999988 -0.000901072
orientation_offset_matrix:
   0.997578  -0.0521313   0.0460448
  0.0525491    0.998587 -0.00790887
 -0.0455674   0.0103093    0.998908
tcp2robotbase_mat:
  0.00114311  0.000906477     0.999999      758.229
    0.999988   0.00471827  -0.00114737      136.245
 -0.00471931     0.999988 -0.000901072      1078.45
           0            0            0            1
robot_tcp_pose: A: 2.23653 B: 1.56934 C: -0.670455
====================== End << 237 =======================
====================== Begin << 238 =====================
tcp2robotbase_ori_mat:
   0.047116 -0.00691463    0.998865
   0.997269   0.0572622  -0.0466443
 -0.0568747    0.998335  0.00959371
tcp2robotbase_ori_mat_offset:
   0.0011228  0.000936552     0.999999
    0.999988   0.00471152   -0.0011272
 -0.00471257     0.999988 -0.000931251
orientation_offset_matrix:
   0.997578  -0.0521313   0.0460448
  0.0525491    0.998587 -0.00790887
 -0.0455674   0.0103093    0.998908
tcp2robotbase_mat:
   0.0011228  0.000936552     0.999999      758.226
    0.999988   0.00471152   -0.0011272      136.268
 -0.00471257     0.999988 -0.000931251      1078.48
           0            0            0            1
robot_tcp_pose: A: 2.26129 B: 1.56933 C: -0.695202
====================== End << 238 =======================
====================== Begin << 239 =====================
tcp2robotbase_ori_mat:
  0.0472441 -0.00706127    0.998858
   0.997249   0.0575089  -0.0467614
 -0.0571131     0.99832  0.00975881
tcp2robotbase_ori_mat_offset:
  0.00124324  0.000783358     0.999999
    0.999987   0.00495766  -0.00124711
 -0.00495863     0.999987 -0.000777184
orientation_offset_matrix:
   0.997578  -0.0521313   0.0460448
  0.0525491    0.998587 -0.00790887
 -0.0455674   0.0103093    0.998908
tcp2robotbase_mat:
  0.00124324  0.000783358     0.999999      758.167
    0.999987   0.00495766  -0.00124711      136.196
 -0.00495863     0.999987 -0.000777184      1078.45
           0            0            0            1
robot_tcp_pose: A: 2.12809 B: 1.56933 C: -0.562255
====================== End << 239 =======================
====================== Begin << 240 =====================
tcp2robotbase_ori_mat:
  0.0472293 -0.00703578    0.998859
   0.997248     0.05754  -0.0467479
 -0.0571455    0.998318    0.009734
tcp2robotbase_ori_mat_offset:
  0.00122982  0.000809592     0.999999
    0.999987   0.00498891  -0.00123385
 -0.00498991     0.999987 -0.000803446
orientation_offset_matrix:
   0.997578  -0.0521313   0.0460448
  0.0525491    0.998587 -0.00790887
 -0.0455674   0.0103093    0.998908
tcp2robotbase_mat:
  0.00122982  0.000809592     0.999999      758.163
    0.999987   0.00498891  -0.00123385       136.22
 -0.00498991     0.999987 -0.000803446      1078.47
           0            0            0            1
robot_tcp_pose: A: 2.148 B: 1.56932 C: -0.582189
====================== End << 240 =======================
====================== Begin << 241 =====================
tcp2robotbase_ori_mat:
  0.0473397 -0.00719229    0.998853
   0.997232   0.0577456  -0.0468471
 -0.0573424    0.998305  0.00990604
tcp2robotbase_ori_mat_offset:
 0.00133198 0.000647488    0.999999
   0.999986  0.00519404 -0.00133533
 -0.0051949    0.999986 -0.00064056
orientation_offset_matrix:
   0.997578  -0.0521313   0.0460448
  0.0525491    0.998587 -0.00790887
 -0.0455674   0.0103093    0.998908
tcp2robotbase_mat:
 0.00133198 0.000647488    0.999999     758.297
   0.999986  0.00519404 -0.00133533      136.34
 -0.0051949    0.999986 -0.00064056      1078.4
          0           0           0           1
robot_tcp_pose: A: 2.01808 B: 1.56932 C: -0.452473
====================== End << 241 =======================
====================== Begin << 242 =====================
tcp2robotbase_ori_mat:
  0.0473233 -0.00721098    0.998854
   0.997235   0.0576954  -0.0468301
 -0.0572916    0.998308  0.00992138
tcp2robotbase_ori_mat_offset:
  0.0013146 0.000629691    0.999999
   0.999986  0.00514392 -0.00131782
-0.00514475    0.999987 -0.00062292
orientation_offset_matrix:
   0.997578  -0.0521313   0.0460448
  0.0525491    0.998587 -0.00790887
 -0.0455674   0.0103093    0.998908
tcp2robotbase_mat:
  0.0013146 0.000629691    0.999999     758.307
   0.999986  0.00514392 -0.00131782     136.376
-0.00514475    0.999987 -0.00062292     1078.41
          0           0           0           1
robot_tcp_pose: A: 2.01236 B: 1.56934 C: -0.446705
====================== End << 242 =======================
====================== Begin << 243 =====================
tcp2robotbase_ori_mat:
  0.0472806 -0.00721092    0.998856
   0.997236   0.0577251  -0.0467872
 -0.0573217    0.998306  0.00992027
tcp2robotbase_ori_mat_offset:
  0.00127191  0.000631989     0.999999
    0.999986   0.00517404  -0.00127516
 -0.00517484     0.999986 -0.000625399
orientation_offset_matrix:
   0.997578  -0.0521313   0.0460448
  0.0525491    0.998587 -0.00790887
 -0.0455674   0.0103093    0.998908
tcp2robotbase_mat:
  0.00127191  0.000631989     0.999999      758.312
    0.999986   0.00517404  -0.00127516      136.407
 -0.00517484     0.999986 -0.000625399      1078.42
           0            0            0            1
robot_tcp_pose: A: 2.02677 B: 1.56938 C: -0.461151
====================== End << 243 =======================
====================== Begin << 244 =====================
tcp2robotbase_ori_mat:
  0.0472584 -0.00763014    0.998854
   0.997235    0.057767  -0.0467406
 -0.0573441    0.998301    0.010339
tcp2robotbase_ori_mat_offset:
  0.00122785  0.000214497     0.999999
    0.999986   0.00521633  -0.00122896
 -0.00521659     0.999986 -0.000208089
orientation_offset_matrix:
   0.997578  -0.0521313   0.0460448
  0.0525491    0.998587 -0.00790887
 -0.0455674   0.0103093    0.998908
tcp2robotbase_mat:
  0.00122785  0.000214497     0.999999      758.165
    0.999986   0.00521633  -0.00122896      136.102
 -0.00521659     0.999986 -0.000208089      1078.31
           0            0            0            1
robot_tcp_pose: A: 1.73853 B: 1.56955 C: -0.172947
====================== End << 244 =======================
====================== Begin << 245 =====================
tcp2robotbase_ori_mat:
  0.0472405 -0.00771354    0.998854
   0.997242    0.057672  -0.0467189
 -0.0572455    0.998306   0.0104167
tcp2robotbase_ori_mat_offset:
  0.00120562   0.00013215     0.999999
    0.999986   0.00512131  -0.00120628
 -0.00512146     0.999987 -0.000125973
orientation_offset_matrix:
   0.997578  -0.0521313   0.0460448
  0.0525491    0.998587 -0.00790887
 -0.0455674   0.0103093    0.998908
tcp2robotbase_mat:
  0.00120562   0.00013215     0.999999      758.165
    0.999986   0.00512131  -0.00120628      136.122
 -0.00512146     0.999987 -0.000125973      1078.32
           0            0            0            1
robot_tcp_pose: A: 1.67485 B: 1.56958 C: -0.109176
====================== End << 245 =======================
====================== Begin << 246 =====================
tcp2robotbase_ori_mat:
  0.0470389 -0.00785797    0.998862
   0.997261   0.0575081  -0.0465111
 -0.0570772    0.998314   0.0105416
tcp2robotbase_ori_mat_offset:
 0.000996495 -1.47165e-06            1
    0.999987   0.00495886 -0.000996475
 -0.00495886     0.999988  6.41312e-06
orientation_offset_matrix:
   0.997578  -0.0521313   0.0460448
  0.0525491    0.998587 -0.00790887
 -0.0455674   0.0103093    0.998908
tcp2robotbase_mat:
 0.000996495 -1.47165e-06            1      758.135
    0.999987   0.00495886 -0.000996475      135.953
 -0.00495886     0.999988  6.41312e-06       1078.2
           0            0            0            1
robot_tcp_pose: A: 1.56436 B: 1.5698 C: 0.00147683
====================== End << 246 =======================
====================== Begin << 247 =====================
tcp2robotbase_ori_mat:
  0.0469735 -0.00784317    0.998865
   0.997264   0.0575123  -0.0464466
 -0.0570828    0.998314   0.0105233
tcp2robotbase_ori_mat_offset:
 0.000931873  1.67481e-05            1
    0.999987   0.00496355 -0.000931945
 -0.00496356     0.999988 -1.21224e-05
orientation_offset_matrix:
   0.997578  -0.0521313   0.0460448
  0.0525491    0.998587 -0.00790887
 -0.0455674   0.0103093    0.998908
tcp2robotbase_mat:
 0.000931873  1.67481e-05            1      758.123
    0.999987   0.00496355 -0.000931945      135.964
 -0.00496356     0.999988 -1.21224e-05       1078.2
           0            0            0            1
robot_tcp_pose: A: 1.5838 B: 1.56986 C: -0.0179705
====================== End << 247 =======================
====================== Begin << 248 =====================
tcp2robotbase_ori_mat:
  0.0469411 -0.00782694    0.998867
   0.997266    0.057507  -0.0464153
 -0.0570785    0.998314    0.010505
tcp2robotbase_ori_mat_offset:
 0.000900377  3.46561e-05            1
    0.999987   0.00495845 -0.000900538
 -0.00495848     0.999988 -3.01912e-05
orientation_offset_matrix:
   0.997578  -0.0521313   0.0460448
  0.0525491    0.998587 -0.00790887
 -0.0455674   0.0103093    0.998908
tcp2robotbase_mat:
 0.000900377  3.46561e-05            1      758.111
    0.999987   0.00495845 -0.000900538       135.97
 -0.00495848     0.999988 -3.01912e-05       1078.2
           0            0            0            1
robot_tcp_pose: A: 1.60431 B: 1.5699 C: -0.0384717
====================== End << 248 =======================
====================== Begin << 249 =====================
tcp2robotbase_ori_mat:
  0.0471193 -0.00787822    0.998858
   0.997238   0.0578457  -0.0465866
 -0.0574127    0.998294   0.0105821
tcp2robotbase_ori_mat_offset:
  0.00107579 -2.59301e-05     0.999999
    0.999985    0.0052964  -0.00107563
 -0.00529637     0.999986  3.16275e-05
orientation_offset_matrix:
   0.997578  -0.0521313   0.0460448
  0.0525491    0.998587 -0.00790887
 -0.0455674   0.0103093    0.998908
tcp2robotbase_mat:
  0.00107579 -2.59301e-05     0.999999      758.147
    0.999985    0.0052964  -0.00107563      135.983
 -0.00529637     0.999986  3.16275e-05      1078.32
           0            0            0            1
robot_tcp_pose: A: 1.5414 B: 1.56972 C: 0.0240987
====================== End << 249 =======================
====================== Begin << 250 =====================
tcp2robotbase_ori_mat:
  0.0470842 -0.00784724     0.99886
   0.997238   0.0578759   -0.046553
 -0.0574446    0.998293   0.0105506
tcp2robotbase_ori_mat_offset:
 0.00104234  6.8573e-06    0.999999
   0.999985  0.00532686 -0.00104236
-0.00532686    0.999986 -1.3048e-06
orientation_offset_matrix:
   0.997578  -0.0521313   0.0460448
  0.0525491    0.998587 -0.00790887
 -0.0455674   0.0103093    0.998908
tcp2robotbase_mat:
 0.00104234  6.8573e-06    0.999999     758.142
   0.999985  0.00532686 -0.00104236     135.997
-0.00532686    0.999986 -1.3048e-06     1078.32
          0           0           0           1
robot_tcp_pose: A: 1.57205 B: 1.56975 C: -0.00657865
====================== End << 250 =======================
====================== Begin << 251 =====================
tcp2robotbase_ori_mat:
  0.0472254 -0.00730311    0.998858
   0.997242   0.0576601  -0.0467275
 -0.0572529     0.99831    0.010006
tcp2robotbase_ori_mat_offset:
  0.00121196  0.000542827     0.999999
    0.999986   0.00510934  -0.00121472
 -0.00510999     0.999987 -0.000536627
orientation_offset_matrix:
   0.997578  -0.0521313   0.0460448
  0.0525491    0.998587 -0.00790887
 -0.0455674   0.0103093    0.998908
tcp2robotbase_mat:
  0.00121196  0.000542827     0.999999      758.003
    0.999986   0.00510934  -0.00121472      135.715
 -0.00510999     0.999987 -0.000536627       1077.8
           0            0            0            1
robot_tcp_pose: A: 1.98679 B: 1.56947 C: -0.4211
====================== End << 251 =======================
====================== Begin << 252 =====================
tcp2robotbase_ori_mat:
  0.0470992 -0.00726981    0.998864
   0.997246   0.0576964   -0.046603
  -0.057292    0.998308  0.00996724
tcp2robotbase_ori_mat_offset:
  0.00108749  0.000582729     0.999999
    0.999986   0.00514668  -0.00109048
 -0.00514731     0.999987 -0.000577124
orientation_offset_matrix:
   0.997578  -0.0521313   0.0460448
  0.0525491    0.998587 -0.00790887
 -0.0455674   0.0103093    0.998908
tcp2robotbase_mat:
  0.00108749  0.000582729     0.999999      757.979
    0.999986   0.00514668  -0.00109048      135.725
 -0.00514731     0.999987 -0.000577124      1077.76
           0            0            0            1
robot_tcp_pose: A: 2.05756 B: 1.56956 C: -0.491911
====================== End << 252 =======================
====================== Begin << 253 =====================
tcp2robotbase_ori_mat:
  0.0468961 -0.00755335    0.998871
   0.997262   0.0575961  -0.0463851
 -0.0571807    0.998311   0.0102337
tcp2robotbase_ori_mat_offset:
 0.000869683   0.00031025            1
    0.999987   0.00504791 -0.000871238
 -0.00504818     0.999987 -0.000305856
orientation_offset_matrix:
   0.997578  -0.0521313   0.0460448
  0.0525491    0.998587 -0.00790887
 -0.0455674   0.0103093    0.998908
tcp2robotbase_mat:
 0.000869683   0.00031025            1      758.064
    0.999987   0.00504791 -0.000871238      135.673
 -0.00504818     0.999987 -0.000305856       1077.9
           0            0            0            1
robot_tcp_pose: A: 1.90841 B: 1.56987 C: -0.342666
====================== End << 253 =======================
====================== Begin << 254 =====================
tcp2robotbase_ori_mat:
  0.0469148 -0.00744927    0.998871
   0.997261   0.0575886  -0.0464097
 -0.0571778    0.998313   0.0101306
tcp2robotbase_ori_mat_offset:
 0.000893803  0.000413205            1
    0.999987   0.00504022 -0.000895874
 -0.00504059     0.999987 -0.000408694
orientation_offset_matrix:
   0.997578  -0.0521313   0.0460448
  0.0525491    0.998587 -0.00790887
 -0.0455674   0.0103093    0.998908
tcp2robotbase_mat:
 0.000893803  0.000413205            1      758.058
    0.999987   0.00504022 -0.000895874       135.67
 -0.00504059     0.999987 -0.000408694      1077.89
           0            0            0            1
robot_tcp_pose: A: 1.99879 B: 1.56981 C: -0.433035
====================== End << 254 =======================
====================== Begin << 255 =====================
tcp2robotbase_ori_mat:
  0.0469247 -0.00748033     0.99887
   0.997261   0.0575892  -0.0464178
 -0.0571769    0.998312   0.0101622
tcp2robotbase_ori_mat_offset:
 0.000902053  0.000381666            1
    0.999987   0.00504081 -0.000903966
 -0.00504115     0.999987 -0.000377114
orientation_offset_matrix:
   0.997578  -0.0521313   0.0460448
  0.0525491    0.998587 -0.00790887
 -0.0455674   0.0103093    0.998908
tcp2robotbase_mat:
 0.000902053  0.000381666            1       758.05
    0.999987   0.00504081 -0.000903966      135.668
 -0.00504115     0.999987 -0.000377114      1077.88
           0            0            0            1
robot_tcp_pose: A: 1.96602 B: 1.56982 C: -0.400267
====================== End << 255 =======================
====================== Begin << 256 =====================
tcp2robotbase_ori_mat:
  0.0469424 -0.00689871    0.998874
   0.997265   0.0574761  -0.0464698
 -0.0570908    0.998323  0.00957791
tcp2robotbase_ori_mat_offset:
 0.000950129  0.000961577     0.999999
    0.999987   0.00492712 -0.000954856
 -0.00492803     0.999987 -0.000956884
orientation_offset_matrix:
   0.997578  -0.0521313   0.0460448
  0.0525491    0.998587 -0.00790887
 -0.0455674   0.0103093    0.998908
tcp2robotbase_mat:
 0.000950129  0.000961577     0.999999      757.948
    0.999987   0.00492712 -0.000954856      135.441
 -0.00492803     0.999987 -0.000956884      1077.57
           0            0            0            1
robot_tcp_pose: A: 2.35726 B: 1.56944 C: -0.791387
====================== End << 256 =======================
====================== Begin << 257 =====================
tcp2robotbase_ori_mat:
  0.0469553 -0.00683644    0.998874
   0.997265   0.0574512  -0.0464865
 -0.0570687    0.998325  0.00951539
tcp2robotbase_ori_mat_offset:
 0.000966294   0.00102308     0.999999
    0.999988   0.00490202 -0.000971299
   -0.004903     0.999987  -0.00101833
orientation_offset_matrix:
   0.997578  -0.0521313   0.0460448
  0.0525491    0.998587 -0.00790887
 -0.0455674   0.0103093    0.998908
tcp2robotbase_mat:
 0.000966294   0.00102308     0.999999      757.933
    0.999988   0.00490202 -0.000971299      135.439
   -0.004903     0.999987  -0.00101833      1077.54
           0            0            0            1
robot_tcp_pose: A: 2.37983 B: 1.56939 C: -0.813935
====================== End << 257 =======================
====================== Begin << 258 =====================
tcp2robotbase_ori_mat:
  0.0469539 -0.00683989    0.998874
   0.997263   0.0574954  -0.0464845
 -0.0571127    0.998322   0.0095208
tcp2robotbase_ori_mat_offset:
 0.000964713   0.00101972     0.999999
    0.999987   0.00494632 -0.000969745
 -0.00494731     0.999987  -0.00101493
orientation_offset_matrix:
   0.997578  -0.0521313   0.0460448
  0.0525491    0.998587 -0.00790887
 -0.0455674   0.0103093    0.998908
tcp2robotbase_mat:
 0.000964713   0.00101972     0.999999      757.922
    0.999987   0.00494632 -0.000969745      135.428
 -0.00494731     0.999987  -0.00101493      1077.51
           0            0            0            1
robot_tcp_pose: A: 2.37896 B: 1.56939 C: -0.813109
====================== End << 258 =======================
====================== Begin << 259 =====================
tcp2robotbase_ori_mat:
  0.0469824 -0.00687797    0.998872
    0.99726   0.0575274  -0.0465105
 -0.0571426     0.99832   0.0095619
tcp2robotbase_ori_mat_offset:
 0.000991198  0.000980186     0.999999
    0.999987   0.00497813 -0.000996066
  -0.0049791     0.999987 -0.000975239
orientation_offset_matrix:
   0.997578  -0.0521313   0.0460448
  0.0525491    0.998587 -0.00790887
 -0.0455674   0.0103093    0.998908
tcp2robotbase_mat:
 0.000991198  0.000980186     0.999999      758.042
    0.999987   0.00497813 -0.000996066       135.45
  -0.0049791     0.999987 -0.000975239      1077.76
           0            0            0            1
robot_tcp_pose: A: 2.34563 B: 1.5694 C: -0.779813
====================== End << 259 =======================
====================== Begin << 260 =====================
tcp2robotbase_ori_mat:
  0.0469844 -0.00691353    0.998872
   0.997261    0.057507  -0.0465106
 -0.0571205    0.998321  0.00959652
tcp2robotbase_ori_mat_offset:
 0.000991319   0.00094457     0.999999
    0.999987   0.00495768  -0.00099599
 -0.00495861     0.999987 -0.000939644
orientation_offset_matrix:
   0.997578  -0.0521313   0.0460448
  0.0525491    0.998587 -0.00790887
 -0.0455674   0.0103093    0.998908
tcp2robotbase_mat:
 0.000991319   0.00094457     0.999999      758.049
    0.999987   0.00495768  -0.00099599      135.434
 -0.00495861     0.999987 -0.000939644      1077.75
           0            0            0            1
robot_tcp_pose: A: 2.32709 B: 1.56943 C: -0.761255
====================== End << 260 =======================
====================== Begin << 261 =====================
tcp2robotbase_ori_mat:
   0.046915 -0.00729056    0.998872
   0.997262   0.0575573  -0.0464193
  -0.057154    0.998316  0.00997091
tcp2robotbase_ori_mat_offset:
 0.000902269  0.000571691     0.999999
    0.999987   0.00500881 -0.000905122
 -0.00500933     0.999987 -0.000567165
orientation_offset_matrix:
   0.997578  -0.0521313   0.0460448
  0.0525491    0.998587 -0.00790887
 -0.0455674   0.0103093    0.998908
tcp2robotbase_mat:
 0.000902269  0.000571691     0.999999      758.005
    0.999987   0.00500881 -0.000905122      135.292
 -0.00500933     0.999987 -0.000567165      1077.87
           0            0            0            1
robot_tcp_pose: A: 2.13056 B: 1.56973 C: -0.56477
====================== End << 261 =======================
====================== Begin << 262 =====================
tcp2robotbase_ori_mat:
  0.0469223 -0.00725099    0.998872
   0.997264   0.0575165  -0.0464292
  -0.057115    0.998318  0.00992996
tcp2robotbase_ori_mat_offset:
  0.00091162  0.000610832     0.999999
    0.999987    0.0049679 -0.000914643
 -0.00496845     0.999987 -0.000606295
orientation_offset_matrix:
   0.997578  -0.0521313   0.0460448
  0.0525491    0.998587 -0.00790887
 -0.0455674   0.0103093    0.998908
tcp2robotbase_mat:
  0.00091162  0.000610832     0.999999      757.996
    0.999987    0.0049679 -0.000914643      135.266
 -0.00496845     0.999987 -0.000606295      1077.88
           0            0            0            1
robot_tcp_pose: A: 2.15617 B: 1.5697 C: -0.590342
====================== End << 262 =======================
====================== Begin << 263 =====================
tcp2robotbase_ori_mat:
  0.0469987 -0.00734232    0.998868
   0.997259   0.0575575  -0.0464999
  -0.057151    0.998315   0.0100273
tcp2robotbase_ori_mat_offset:
 0.000983222  0.000515602     0.999999
    0.999987   0.00500842 -0.000985792
 -0.00500892     0.999987  -0.00051067
orientation_offset_matrix:
   0.997578  -0.0521313   0.0460448
  0.0525491    0.998587 -0.00790887
 -0.0455674   0.0103093    0.998908
tcp2robotbase_mat:
 0.000983222  0.000515602     0.999999      757.991
    0.999987   0.00500842 -0.000985792      135.239
 -0.00500892     0.999987  -0.00051067      1077.89
           0            0            0            1
robot_tcp_pose: A: 2.04876 B: 1.56969 C: -0.482976
====================== End << 263 =======================
====================== Begin << 264 =====================
tcp2robotbase_ori_mat:
  0.0469268 -0.00689938    0.998875
   0.997271   0.0573716  -0.0464553
 -0.0569865    0.998329  0.00957282
tcp2robotbase_ori_mat_offset:
 0.000934515  0.000961734     0.999999
    0.999988    0.0048225 -0.000939142
  -0.0048234     0.999988 -0.000957216
orientation_offset_matrix:
   0.997578  -0.0521313   0.0460448
  0.0525491    0.998587 -0.00790887
 -0.0455674   0.0103093    0.998908
tcp2robotbase_mat:
 0.000934515  0.000961734     0.999999      757.908
    0.999988    0.0048225 -0.000939142      135.254
  -0.0048234     0.999988 -0.000957216      1077.57
           0            0            0            1
robot_tcp_pose: A: 2.36572 B: 1.56946 C: -0.799751
====================== End << 264 =======================
====================== Begin << 265 =====================
tcp2robotbase_ori_mat:
  0.0469762 -0.00693444    0.998872
   0.997267   0.0574068  -0.0465022
 -0.0570196    0.998327  0.00961225
tcp2robotbase_ori_mat_offset:
 0.000982043  0.000924117     0.999999
    0.999988   0.00485746 -0.000986521
 -0.00485837     0.999988 -0.000919336
orientation_offset_matrix:
   0.997578  -0.0521313   0.0460448
  0.0525491    0.998587 -0.00790887
 -0.0455674   0.0103093    0.998908
tcp2robotbase_mat:
 0.000982043  0.000924117     0.999999      757.889
    0.999988   0.00485746 -0.000986521       135.24
 -0.00485837     0.999988 -0.000919336      1077.56
           0            0            0            1
robot_tcp_pose: A: 2.32096 B: 1.56945 C: -0.755019
====================== End << 265 =======================
====================== Begin << 266 =====================
tcp2robotbase_ori_mat:
   0.046881 -0.00736219    0.998873
   0.997276   0.0573593  -0.0463832
 -0.0569532    0.998326   0.0100312
tcp2robotbase_ori_mat_offset:
 0.000864504   0.00050195            1
    0.999988   0.00481078 -0.000866909
 -0.00481121     0.999988 -0.000497785
