mark button index: 0
cur_rob_pos: 757.209, 134.542, 1078.3, 0.0761197, 1.57066, 1.4947
tracker_matrix:
-0.0478342  0.0118777  -0.998785     141.14
-0.0537391    0.99845  0.0144474   -350.751
  0.997409  0.0543649 -0.0471218    -509.08
         0          0          0          1
pos_vec_matrix:
1 0 0 0
0 1 0 0
0 0 1 0
0 0 0 1
tcp2location_matrix:
-0.0478342  0.0118777  -0.998785     141.14
-0.0537391    0.99845  0.0144474   -350.751
  0.997409  0.0543649 -0.0471218    -509.08
         0          0          0          1

 pose_tcp x:141.14 y:-350.751 z:-509.08 A:0 B:0 C:0
mark button index: 1
cur_rob_pos: 757.213, 57.6788, 1078.3, 0.0302998, 1.57063, 1.54052
tracker_matrix:
-0.0501742  0.0067412  -0.998718     143.73
-0.0545623   0.998465 0.00948063   -352.041
  0.997249   0.054968 -0.0497294   -585.753
         0          0          0          1
pos_vec_matrix:
1 0 0 0
0 1 0 0
0 0 1 0
0 0 0 1
tcp2location_matrix:
-0.0501742  0.0067412  -0.998718     143.73
-0.0545623   0.998465 0.00948063   -352.041
  0.997249   0.054968 -0.0497294   -585.753
         0          0          0          1

 pose_tcp x:143.73 y:-352.041 z:-585.753 A:0 B:0 C:0
mark button index: 2
cur_rob_pos: 757.223, 57.6837, 977.598, 0.0568587, 1.57063, 1.51396
tracker_matrix:
-0.0476455  0.0118367  -0.998794     138.06
-0.0574213   0.998244  0.0145694   -451.797
  0.997213  0.0580463 -0.0468821   -585.034
         0          0          0          1
pos_vec_matrix:
1 0 0 0
0 1 0 0
0 0 1 0
0 0 0 1
tcp2location_matrix:
-0.0476455  0.0118367  -0.998794     138.06
-0.0574213   0.998244  0.0145694   -451.797
  0.997213  0.0580463 -0.0468821   -585.034
         0          0          0          1

 pose_tcp x:138.06 y:-451.797 z:-585.034 A:0 B:0 C:0
mark button index: 3
cur_rob_pos: 662.823, 57.6828, 977.585, 0.0697425, 1.57067, 1.50108
tracker_matrix:
-0.0533332 0.00134501  -0.998576    233.372
-0.0528386   0.998594 0.00416711   -455.127
  0.997178  0.0529855 -0.0531871   -583.328
         0          0          0          1
pos_vec_matrix:
1 0 0 0
0 1 0 0
0 0 1 0
0 0 0 1
tcp2location_matrix:
-0.0533332 0.00134501  -0.998576    233.372
-0.0528386   0.998594 0.00416711   -455.127
  0.997178  0.0529855 -0.0531871   -583.328
         0          0          0          1

 pose_tcp x:233.372 y:-455.127 z:-583.328 A:0 B:0 C:0
use svd calibration
## position_calibration_matrix:
  -0.998946   0.0405787  -0.0214654     901.705
 -0.0211872  0.00727335    0.999749     648.957
  0.0407247     0.99915 -0.00640593     1419.72
          0           0           0           1
error : 0.0798466
error : 0.710335
error : 0.193766
error : 0.659959
calculate_orientation_offset_matrix
robot_orientation_matrix:
 8.50234e-06 -0.000121752            1
           1 -2.26384e-05  -8.5051e-06
 2.26394e-05            1  0.000121752
device_orientation_matrix:
1 0 0
0 1 0
0 0 1
calculate_orientation_offset_matrix *orientation_offset_matrix_:
 8.50234e-06 -0.000121752            1
           1 -2.26384e-05  -8.5051e-06
 2.26394e-05            1  0.000121752
*orientation_offset_matrix_->A 0.0697425 B 1.57067 C 1.50108
slot_tracker2tcp_mark_rotation_use_robotpose
cur_rob_pos: 662.861, 57.707, 977.567, 0.760816, 1.57057, 0.809999
杩借釜鍣ㄥ湪鏈哄櫒浜哄熀搴ф爣绯讳笅鐨勬棆杞煩闃?tracker2robotbase:
 0.0299852  0.0382074    0.99882    662.553
  0.997734  0.0590745 -0.0322123    57.8166
-0.0602355   0.997522 -0.0363495    978.087
         0          0          0          1
TCP鍦ㄦ満鍣ㄤ汉鍩哄骇鍧愭爣绯讳笅鐨勬棆杞煩闃?tcp2robotbase:
 0.0299852  0.0382074    0.99882    662.553
  0.997734  0.0590745 -0.0322123    57.8166
-0.0602355   0.997522 -0.0363495    978.087
         0          0          0          1
tcp2rbase_pose point x:662.553 y:57.8166 z:978.087 A:0 B:0 C:0
calculate_orientation_offset_matrix
robot_orientation_matrix:
 0.000152693 -0.000160397            1
           1 -1.89107e-05 -0.000152696
 1.89352e-05            1  0.000160394
device_orientation_matrix:
1 0 0
0 1 0
0 0 1
calculate_orientation_offset_matrix *orientation_offset_matrix_:
 0.000152693 -0.000160397            1
           1 -1.89107e-05 -0.000152696
 1.89352e-05            1  0.000160394
*orientation_offset_matrix_->A 0.760816 B 1.57057 C 0.809999
QObject::~QObject: Timers cannot be stopped from another thread
PS E:\iNexbot\Project\VIVE_Spray\vive_robot_calibration\build> 