slot_start_record
slot_end_record
===============================Poses Timestampe================================
Pose 1:  x: 97.3066, y: -341.525, z: -508.948, A: 1.63049, B: -0.00152137, C: -1.51771, qx: 0.528535, qy: 0.500479, qz: -0.47222, qw: 0.497172
Pose 2:  x: 97.3021, y: -341.524, z: -508.966, A: 1.63052, B: -0.00156865, C: -1.5177, qx: 0.528558, qy: 0.500469, qz: -0.472221, qw: 0.497156
Pose 3:  x: 97.274, y: -341.529, z: -508.932, A: 1.6305, B: -0.00156223, C: -1.51778, qx: 0.52853, qy: 0.500491, qz: -0.472245, qw: 0.497141
Pose 4:  x: 97.2656, y: -341.529, z: -508.944, A: 1.63047, B: -0.00154124, C: -1.51774, qx: 0.528529, qy: 0.500476, qz: -0.472236, qw: 0.497166
Pose 5:  x: 97.2576, y: -341.527, z: -508.961, A: 1.63051, B: -0.00157067, C: -1.51775, qx: 0.528544, qy: 0.500481, qz: -0.472235, qw: 0.497145
Pose 6:  x: 97.2812, y: -341.497, z: -508.935, A: 1.63057, B: -0.00145573, C: -1.51777, qx: 0.528524, qy: 0.500529, qz: -0.472198, qw: 0.497154
Pose 7:  x: 97.2752, y: -341.501, z: -508.955, A: 1.63052, B: -0.00147433, C: -1.51774, qx: 0.528526, qy: 0.500505, qz: -0.472206, qw: 0.497169
Pose 8:  x: 97.3009, y: -341.5, z: -508.924, A: 1.63061, B: -0.00148451, C: -1.51767, qx: 0.528568, qy: 0.500506, qz: -0.472168, qw: 0.497159
Pose 9:  x: 97.3005, y: -341.503, z: -508.941, A: 1.6306, B: -0.00147932, C: -1.51769, qx: 0.528558, qy: 0.500509, qz: -0.472176, qw: 0.497159
Pose 10:  x: 97.2979, y: -341.51, z: -508.958, A: 1.63059, B: -0.00147748, C: -1.51771, qx: 0.528552, qy: 0.500513, qz: -0.472181, qw: 0.497156
Pose 11:  x: 97.3069, y: -341.512, z: -508.919, A: 1.63051, B: -0.00151318, C: -1.51778, qx: 0.528521, qy: 0.500504, qz: -0.472229, qw: 0.497152
Pose 12:  x: 97.3002, y: -341.52, z: -508.934, A: 1.63048, B: -0.0014924, C: -1.51776, qx: 0.528512, qy: 0.500497, qz: -0.472229, qw: 0.49717
Pose 13:  x: 97.3313, y: -341.505, z: -508.854, A: 1.63055, B: -0.00152413, C: -1.51772, qx: 0.52855, qy: 0.500495, qz: -0.472206, qw: 0.497152
Pose 14:  x: 97.3311, y: -341.513, z: -508.86, A: 1.63059, B: -0.0015279, C: -1.51769, qx: 0.528569, qy: 0.500496, qz: -0.472189, qw: 0.497148
Pose 15:  x: 97.3915, y: -341.439, z: -508.868, A: 1.6306, B: -0.00122122, C: -1.51766, qx: 0.528505, qy: 0.500565, qz: -0.4721, qw: 0.497231
Pose 16:  x: 97.3965, y: -341.432, z: -508.872, A: 1.63056, B: -0.00115356, C: -1.51767, qx: 0.528476, qy: 0.500574, qz: -0.472095, qw: 0.497257
Pose 17:  x: 97.3967, y: -341.432, z: -508.88, A: 1.63053, B: -0.00120448, C: -1.51768, qx: 0.52848, qy: 0.500561, qz: -0.472117, qw: 0.497246
Pose 18:  x: 97.3444, y: -341.422, z: -508.948, A: 1.63055, B: -0.00100759, C: -1.5179, qx: 0.528381, qy: 0.500671, qz: -0.472117, qw: 0.49724
Pose 19:  x: 97.3383, y: -341.415, z: -508.959, A: 1.6305, B: -0.000931435, C: -1.51787, qx: 0.528361, qy: 0.500671, qz: -0.472099, qw: 0.497279
Pose 20:  x: 97.333, y: -341.413, z: -508.969, A: 1.63049, B: -0.000955629, C: -1.51789, qx: 0.52836, qy: 0.500667, qz: -0.472112, qw: 0.497271
Pose 21:  x: 97.2959, y: -341.509, z: -508.89, A: 1.63047, B: -0.00106845, C: -1.51783, qx: 0.528395, qy: 0.500618, qz: -0.472134, qw: 0.497262
Pose 22:  x: 97.2872, y: -341.517, z: -508.893, A: 1.63047, B: -0.00101935, C: -1.51783, qx: 0.528383, qy: 0.50063, qz: -0.472121, qw: 0.497275
Pose 23:  x: 97.2908, y: -341.466, z: -508.801, A: 1.63067, B: -0.0010667, C: -1.51778, qx: 0.528458, qy: 0.500653, qz: -0.472069, qw: 0.497222
Pose 24:  x: 97.283, y: -341.469, z: -508.794, A: 1.63058, B: -0.00108872, C: -1.51773, qx: 0.528452, qy: 0.500614, qz: -0.472087, qw: 0.497251
Pose 25:  x: 97.2728, y: -341.469, z: -508.787, A: 1.6306, B: -0.00108492, C: -1.51779, qx: 0.528441, qy: 0.500635, qz: -0.472096, qw: 0.497233
Pose 26:  x: 97.2578, y: -341.444, z: -508.823, A: 1.63071, B: -0.00122645, C: -1.51792, qx: 0.528469, qy: 0.500658, qz: -0.472138, qw: 0.497139
Pose 27:  x: 97.2457, y: -341.452, z: -508.817, A: 1.63074, B: -0.00122261, C: -1.51793, qx: 0.528472, qy: 0.500668, qz: -0.472132, qw: 0.497131
Pose 28:  x: 97.2558, y: -341.376, z: -508.676, A: 1.6308, B: -0.00131514, C: -1.51779, qx: 0.528543, qy: 0.500624, qz: -0.472108, qw: 0.497123
Pose 29:  x: 97.2451, y: -341.381, z: -508.663, A: 1.63079, B: -0.00131793, C: -1.51779, qx: 0.528542, qy: 0.500622, qz: -0.47211, qw: 0.497124
Pose 30:  x: 97.233, y: -341.381, z: -508.654, A: 1.63078, B: -0.00131716, C: -1.51778, qx: 0.528542, qy: 0.500614, qz: -0.47211, qw: 0.497132
Pose 31:  x: 97.2456, y: -341.443, z: -508.675, A: 1.63084, B: -0.00142017, C: -1.51777, qx: 0.528585, qy: 0.500601, qz: -0.472119, qw: 0.497092
Pose 32:  x: 97.2404, y: -341.447, z: -508.663, A: 1.63078, B: -0.0013837, C: -1.51776, qx: 0.528563, qy: 0.500596, qz: -0.472122, qw: 0.497117
Pose 33:  x: 97.2801, y: -341.432, z: -508.709, A: 1.6307, B: -0.00140581, C: -1.5178, qx: 0.528537, qy: 0.500581, qz: -0.47216, qw: 0.497124
Pose 34:  x: 97.2792, y: -341.428, z: -508.699, A: 1.63068, B: -0.00143621, C: -1.51782, qx: 0.528537, qy: 0.500574, qz: -0.472175, qw: 0.497117
Pose 35:  x: 97.3076, y: -341.407, z: -508.728, A: 1.63069, B: -0.00146088, C: -1.51772, qx: 0.528569, qy: 0.500544, qz: -0.472155, qw: 0.497132
Pose 36:  x: 97.3104, y: -341.404, z: -508.726, A: 1.63069, B: -0.00147575, C: -1.51776, qx: 0.528564, qy: 0.500551, qz: -0.472168, qw: 0.497118
Pose 37:  x: 97.3122, y: -341.401, z: -508.721, A: 1.63069, B: -0.0014661, C: -1.5177, qx: 0.528574, qy: 0.500536, qz: -0.472153, qw: 0.497137
Pose 38:  x: 97.3194, y: -341.397, z: -508.719, A: 1.63069, B: -0.0014424, C: -1.51776, qx: 0.528554, qy: 0.500558, qz: -0.472161, qw: 0.497128
Pose 39:  x: 97.3705, y: -341.474, z: -508.846, A: 1.63075, B: -0.00154342, C: -1.51752, qx: 0.528653, qy: 0.500484, qz: -0.472112, qw: 0.497143
===============================Poses Timestampe================================
================================Poses================================
Pose 1:  x: 97.3066, y: -341.525, z: -508.948, A: 1.63049, B: -0.00152137, C: -1.51771, qx: 0.528535, qy: 0.500479, qz: -0.47222, qw: 0.497172
Pose 2:  x: 97.3021, y: -341.524, z: -508.966, A: 1.63052, B: -0.00156865, C: -1.5177, qx: 0.528558, qy: 0.500469, qz: -0.472221, qw: 0.497156
Pose 3:  x: 97.274, y: -341.529, z: -508.932, A: 1.6305, B: -0.00156223, C: -1.51778, qx: 0.52853, qy: 0.500491, qz: -0.472245, qw: 0.497141
Pose 4:  x: 97.2656, y: -341.529, z: -508.944, A: 1.63047, B: -0.00154124, C: -1.51774, qx: 0.528529, qy: 0.500476, qz: -0.472236, qw: 0.497166
Pose 5:  x: 97.2576, y: -341.527, z: -508.961, A: 1.63051, B: -0.00157067, C: -1.51775, qx: 0.528544, qy: 0.500481, qz: -0.472235, qw: 0.497145
Pose 6:  x: 97.2812, y: -341.497, z: -508.935, A: 1.63057, B: -0.00145573, C: -1.51777, qx: 0.528524, qy: 0.500529, qz: -0.472198, qw: 0.497154
Pose 7:  x: 97.2752, y: -341.501, z: -508.955, A: 1.63052, B: -0.00147433, C: -1.51774, qx: 0.528526, qy: 0.500505, qz: -0.472206, qw: 0.497169
Pose 8:  x: 97.3009, y: -341.5, z: -508.924, A: 1.63061, B: -0.00148451, C: -1.51767, qx: 0.528568, qy: 0.500506, qz: -0.472168, qw: 0.497159
Pose 9:  x: 97.3005, y: -341.503, z: -508.941, A: 1.6306, B: -0.00147932, C: -1.51769, qx: 0.528558, qy: 0.500509, qz: -0.472176, qw: 0.497159
Pose 10:  x: 97.2979, y: -341.51, z: -508.958, A: 1.63059, B: -0.00147748, C: -1.51771, qx: 0.528552, qy: 0.500513, qz: -0.472181, qw: 0.497156
Pose 11:  x: 97.3069, y: -341.512, z: -508.919, A: 1.63051, B: -0.00151318, C: -1.51778, qx: 0.528521, qy: 0.500504, qz: -0.472229, qw: 0.497152
Pose 12:  x: 97.3002, y: -341.52, z: -508.934, A: 1.63048, B: -0.0014924, C: -1.51776, qx: 0.528512, qy: 0.500497, qz: -0.472229, qw: 0.49717
Pose 13:  x: 97.3313, y: -341.505, z: -508.854, A: 1.63055, B: -0.00152413, C: -1.51772, qx: 0.52855, qy: 0.500495, qz: -0.472206, qw: 0.497152
Pose 14:  x: 97.3311, y: -341.513, z: -508.86, A: 1.63059, B: -0.0015279, C: -1.51769, qx: 0.528569, qy: 0.500496, qz: -0.472189, qw: 0.497148
Pose 15:  x: 97.3915, y: -341.439, z: -508.868, A: 1.6306, B: -0.00122122, C: -1.51766, qx: 0.528505, qy: 0.500565, qz: -0.4721, qw: 0.497231
Pose 16:  x: 97.3965, y: -341.432, z: -508.872, A: 1.63056, B: -0.00115356, C: -1.51767, qx: 0.528476, qy: 0.500574, qz: -0.472095, qw: 0.497257
Pose 17:  x: 97.3967, y: -341.432, z: -508.88, A: 1.63053, B: -0.00120448, C: -1.51768, qx: 0.52848, qy: 0.500561, qz: -0.472117, qw: 0.497246
Pose 18:  x: 97.3444, y: -341.422, z: -508.948, A: 1.63055, B: -0.00100759, C: -1.5179, qx: 0.528381, qy: 0.500671, qz: -0.472117, qw: 0.49724
Pose 19:  x: 97.3383, y: -341.415, z: -508.959, A: 1.6305, B: -0.000931435, C: -1.51787, qx: 0.528361, qy: 0.500671, qz: -0.472099, qw: 0.497279
Pose 20:  x: 97.333, y: -341.413, z: -508.969, A: 1.63049, B: -0.000955629, C: -1.51789, qx: 0.52836, qy: 0.500667, qz: -0.472112, qw: 0.497271
Pose 21:  x: 97.2959, y: -341.509, z: -508.89, A: 1.63047, B: -0.00106845, C: -1.51783, qx: 0.528395, qy: 0.500618, qz: -0.472134, qw: 0.497262
Pose 22:  x: 97.2872, y: -341.517, z: -508.893, A: 1.63047, B: -0.00101935, C: -1.51783, qx: 0.528383, qy: 0.50063, qz: -0.472121, qw: 0.497275
Pose 23:  x: 97.2908, y: -341.466, z: -508.801, A: 1.63067, B: -0.0010667, C: -1.51778, qx: 0.528458, qy: 0.500653, qz: -0.472069, qw: 0.497222
Pose 24:  x: 97.283, y: -341.469, z: -508.794, A: 1.63058, B: -0.00108872, C: -1.51773, qx: 0.528452, qy: 0.500614, qz: -0.472087, qw: 0.497251
Pose 25:  x: 97.2728, y: -341.469, z: -508.787, A: 1.6306, B: -0.00108492, C: -1.51779, qx: 0.528441, qy: 0.500635, qz: -0.472096, qw: 0.497233
Pose 26:  x: 97.2578, y: -341.444, z: -508.823, A: 1.63071, B: -0.00122645, C: -1.51792, qx: 0.528469, qy: 0.500658, qz: -0.472138, qw: 0.497139
Pose 27:  x: 97.2457, y: -341.452, z: -508.817, A: 1.63074, B: -0.00122261, C: -1.51793, qx: 0.528472, qy: 0.500668, qz: -0.472132, qw: 0.497131
Pose 28:  x: 97.2558, y: -341.376, z: -508.676, A: 1.6308, B: -0.00131514, C: -1.51779, qx: 0.528543, qy: 0.500624, qz: -0.472108, qw: 0.497123
Pose 29:  x: 97.2451, y: -341.381, z: -508.663, A: 1.63079, B: -0.00131793, C: -1.51779, qx: 0.528542, qy: 0.500622, qz: -0.47211, qw: 0.497124
Pose 30:  x: 97.233, y: -341.381, z: -508.654, A: 1.63078, B: -0.00131716, C: -1.51778, qx: 0.528542, qy: 0.500614, qz: -0.47211, qw: 0.497132
Pose 31:  x: 97.2456, y: -341.443, z: -508.675, A: 1.63084, B: -0.00142017, C: -1.51777, qx: 0.528585, qy: 0.500601, qz: -0.472119, qw: 0.497092
Pose 32:  x: 97.2404, y: -341.447, z: -508.663, A: 1.63078, B: -0.0013837, C: -1.51776, qx: 0.528563, qy: 0.500596, qz: -0.472122, qw: 0.497117
Pose 33:  x: 97.2801, y: -341.432, z: -508.709, A: 1.6307, B: -0.00140581, C: -1.5178, qx: 0.528537, qy: 0.500581, qz: -0.47216, qw: 0.497124
Pose 34:  x: 97.2792, y: -341.428, z: -508.699, A: 1.63068, B: -0.00143621, C: -1.51782, qx: 0.528537, qy: 0.500574, qz: -0.472175, qw: 0.497117
Pose 35:  x: 97.3076, y: -341.407, z: -508.728, A: 1.63069, B: -0.00146088, C: -1.51772, qx: 0.528569, qy: 0.500544, qz: -0.472155, qw: 0.497132
Pose 36:  x: 97.3104, y: -341.404, z: -508.726, A: 1.63069, B: -0.00147575, C: -1.51776, qx: 0.528564, qy: 0.500551, qz: -0.472168, qw: 0.497118
Pose 37:  x: 97.3122, y: -341.401, z: -508.721, A: 1.63069, B: -0.0014661, C: -1.5177, qx: 0.528574, qy: 0.500536, qz: -0.472153, qw: 0.497137
Pose 38:  x: 97.3194, y: -341.397, z: -508.719, A: 1.63069, B: -0.0014424, C: -1.51776, qx: 0.528554, qy: 0.500558, qz: -0.472161, qw: 0.497128
Pose 39:  x: 97.3705, y: -341.474, z: -508.846, A: 1.63075, B: -0.00154342, C: -1.51752, qx: 0.528653, qy: 0.500484, qz: -0.472112, qw: 0.497143
================================Poses================================
device_poses_to_robot_poses
====================== Begin << 1 =====================
tcp2robotbase_mat:
-0.00551735 -0.00056599    0.999985     757.268
   0.999934  -0.0100483  0.00551136     133.872
   0.010045    0.999949 0.000621424     1078.01
          0           0           0           1
====================== End << 1 =======================
====================== Begin << 2 =====================
tcp2robotbase_mat:
 -0.00550531 -0.000615265     0.999985      757.273
    0.999935   -0.0100189   0.00549887      133.855
   0.0100153      0.99995  0.000670381      1078.01
           0            0            0            1
====================== End << 2 =======================
====================== Begin << 3 =====================
tcp2robotbase_mat:
 -0.00559281 -0.000601368     0.999984        757.3
    0.999934   -0.0100382    0.0055865      133.889
   0.0100347     0.999949   0.00065747         1078
           0            0            0            1
====================== End << 3 =======================
====================== Begin << 4 =====================
tcp2robotbase_mat:
 -0.00554316 -0.000583337     0.999984      757.309
    0.999934    -0.010067   0.00553698      133.877
   0.0100637     0.999949  0.000639133         1078
           0            0            0            1
====================== End << 4 =======================
====================== Begin << 5 =====================
tcp2robotbase_mat:
 -0.00555568 -0.000613122     0.999984      757.318
    0.999934   -0.0100259   0.00554924       133.86
   0.0100224      0.99995  0.000668798         1078
           0            0            0            1
====================== End << 5 =======================
====================== Begin << 6 =====================
tcp2robotbase_mat:
 -0.00557451 -0.000497968     0.999984      757.295
    0.999935  -0.00997037   0.00556924      133.887
  0.00996747      0.99995  0.000553547      1078.03
           0            0            0            1
====================== End << 6 =======================
====================== Begin << 7 =====================
tcp2robotbase_mat:
 -0.00554076 -0.000517965     0.999985      757.301
    0.999935   -0.0100145   0.00553528      133.867
   0.0100115      0.99995  0.000573434      1078.03
           0            0            0            1
====================== End << 7 =======================
====================== Begin << 8 =====================
tcp2robotbase_mat:
 -0.00547651 -0.000536053     0.999985      757.275
    0.999936  -0.00992051   0.00547093      133.897
  0.00991743     0.999951  0.000590348      1078.03
           0            0            0            1
====================== End << 8 =======================
====================== Begin << 9 =====================
tcp2robotbase_mat:
 -0.00549711 -0.000528724     0.999985      757.275
    0.999936  -0.00993712   0.00549157      133.879
  0.00993408      0.99995  0.000583331      1078.03
           0            0            0            1
====================== End << 9 =======================
====================== Begin << 10 =====================
tcp2robotbase_mat:
 -0.00551412 -0.000525433     0.999985      757.278
    0.999935  -0.00994066    0.0055086      133.863
  0.00993764      0.99995  0.000580244      1078.02
           0            0            0            1
====================== End << 10 =======================
====================== Begin << 11 =====================
tcp2robotbase_mat:
 -0.00558667 -0.000552916     0.999984      757.268
    0.999934   -0.0100285   0.00558085      133.901
   0.0100253      0.99995  0.000608906      1078.02
           0            0            0            1
====================== End << 11 =======================
====================== Begin << 12 =====================
tcp2robotbase_mat:
 -0.00556706 -0.000532598     0.999984      757.275
    0.999934    -0.010062   0.00556144      133.887
   0.0100588     0.999949  0.000588563      1078.01
           0            0            0            1
====================== End << 12 =======================
====================== Begin << 13 =====================
tcp2robotbase_mat:
 -0.00552741 -0.000569949     0.999985      757.242
    0.999935  -0.00998268   0.00552146      133.966
  0.00997937      0.99995  0.000625074      1078.03
           0            0            0            1
====================== End << 13 =======================
====================== Begin << 14 =====================
tcp2robotbase_mat:
 -0.00549938 -0.000577161     0.999985      757.242
    0.999936   -0.0099418   0.00549333       133.96
  0.00993852      0.99995  0.000631844      1078.02
           0            0            0            1
====================== End << 14 =======================
====================== Begin << 15 =====================
tcp2robotbase_mat:
 -0.00544573 -0.000274037     0.999985      757.185
    0.999936  -0.00992759   0.00544276      133.951
  0.00992594     0.999951  0.000328067      1078.09
           0            0            0            1
====================== End << 15 =======================
====================== Begin << 16 =====================
tcp2robotbase_mat:
 -0.00544779 -0.000204757     0.999985       757.18
    0.999936  -0.00996821   0.00544545      133.947
  0.00996697      0.99995   0.00025908       1078.1
           0            0            0            1
====================== End << 16 =======================
====================== Begin << 17 =====================
tcp2robotbase_mat:
-0.00546444 -0.00025387    0.999985      757.18
   0.999935 -0.00999077  0.00546162     133.939
 0.00998925     0.99995 0.000308463      1078.1
          0           0           0           1
====================== End << 17 =======================
====================== Begin << 18 =====================
tcp2robotbase_mat:
  -0.0056694 -4.04757e-05     0.999984      757.235
    0.999934  -0.00998089   0.00566871      133.872
   0.0099805      0.99995  9.70587e-05      1078.11
           0            0            0            1
====================== End << 18 =======================
====================== Begin << 19 =====================
tcp2robotbase_mat:
-0.00562789 3.38766e-05    0.999984     757.242
   0.999934  -0.0100205  0.00562792     133.862
  0.0100205     0.99995 2.25509e-05     1078.12
          0           0           0           1
====================== End << 19 =======================
====================== Begin << 20 =====================
tcp2robotbase_mat:
-0.00564701 1.14281e-05    0.999984     757.247
   0.999934  -0.0100314  0.00564681     133.852
  0.0100314     0.99995 4.52513e-05     1078.12
          0           0           0           1
====================== End << 20 =======================
====================== Begin << 21 =====================
tcp2robotbase_mat:
  -0.0055981 -0.000104915     0.999984      757.278
    0.999934   -0.0100555   0.00559676       133.93
   0.0100548     0.999949    0.0001612      1078.02
           0            0            0            1
====================== End << 21 =======================
====================== Begin << 22 =====================
tcp2robotbase_mat:
 -0.00559413 -5.59235e-05     0.999984      757.287
    0.999934   -0.0100564    0.0055933      133.928
   0.0100559     0.999949  0.000112161      1078.01
           0            0            0            1
====================== End << 22 =======================
====================== Begin << 23 =====================
tcp2robotbase_mat:
  -0.0055534 -0.000112824     0.999985      757.283
    0.999936  -0.00985063   0.00555203      134.021
  0.00984983     0.999951  0.000167506      1078.06
           0            0            0            1
====================== End << 23 =======================
====================== Begin << 24 =====================
tcp2robotbase_mat:
  -0.0055059 -0.000135925     0.999985       757.29
    0.999935  -0.00994148   0.00550425      134.028
  0.00994061     0.999951  0.000190684      1078.06
           0            0            0            1
====================== End << 24 =======================
====================== Begin << 25 =====================
tcp2robotbase_mat:
 -0.00556609 -0.000127882     0.999985        757.3
    0.999935  -0.00992478   0.00556453      134.034
  0.00992393     0.999951  0.000183132      1078.06
           0            0            0            1
====================== End << 25 =======================
====================== Begin << 26 =====================
tcp2robotbase_mat:
  -0.0057086 -0.000261656     0.999984      757.317
    0.999935  -0.00982719   0.00570577      133.999
  0.00982553     0.999952  0.000317723      1078.08
           0            0            0            1
====================== End << 26 =======================
====================== Begin << 27 =====================
tcp2robotbase_mat:
 -0.00571803 -0.000257864     0.999984      757.329
    0.999936  -0.00980034   0.00571527      134.006
  0.00979866     0.999952  0.000313839      1078.07
           0            0            0            1
====================== End << 27 =======================
====================== Begin << 28 =====================
tcp2robotbase_mat:
 -0.0055943  -0.0003624    0.999984     757.318
   0.999937 -0.00973524  0.00559052     134.147
 0.00973305    0.999953 0.000416824     1078.15
          0           0           0           1
====================== End << 28 =======================
====================== Begin << 29 =====================
tcp2robotbase_mat:
 -0.00559467 -0.000364956     0.999984      757.328
    0.999937  -0.00974232   0.00559084      134.161
  0.00974015     0.999952  0.000419454      1078.14
           0            0            0            1
====================== End << 29 =======================
====================== Begin << 30 =====================
tcp2robotbase_mat:
 -0.00557741 -0.000365087     0.999984       757.34
    0.999937  -0.00975758   0.00557361      134.169
  0.00975536     0.999952  0.000419455      1078.14
           0            0            0            1
====================== End << 30 =======================
====================== Begin << 31 =====================
tcp2robotbase_mat:
 -0.00557776 -0.000470288     0.999984      757.325
    0.999937  -0.00969597   0.00557293      134.147
  0.00969322     0.999953  0.000524356      1078.08
           0            0            0            1
====================== End << 31 =======================
====================== Begin << 32 =====================
tcp2robotbase_mat:
 -0.00556903 -0.000432686     0.999984       757.33
    0.999937  -0.00975194   0.00556455      134.159
  0.00974938     0.999952  0.000486968      1078.08
           0            0            0            1
====================== End << 32 =======================
====================== Begin << 33 =====================
tcp2robotbase_mat:
 -0.00560757 -0.000449226     0.999984      757.292
    0.999936   -0.0098392   0.00560292      134.113
  0.00983648     0.999951  0.000504324       1078.1
           0            0            0            1
====================== End << 33 =======================
====================== Begin << 34 =====================
tcp2robotbase_mat:
 -0.00562319 -0.000478047     0.999984      757.293
    0.999936  -0.00985448   0.00561824      134.123
  0.00985161     0.999951  0.000533399       1078.1
           0            0            0            1
====================== End << 34 =======================
====================== Begin << 35 =====================
tcp2robotbase_mat:
 -0.00552991 -0.000510462     0.999985      757.266
    0.999936  -0.00984346   0.00552464      134.093
  0.00984048     0.999951  0.000564848      1078.12
           0            0            0            1
====================== End << 35 =======================
====================== Begin << 36 =====================
tcp2robotbase_mat:
-0.00556987 -0.00052227    0.999984     757.264
   0.999936  -0.0098426  0.00556452     134.095
 0.00983948    0.999951 0.000576996     1078.12
          0           0           0           1
====================== End << 36 =======================
====================== Begin << 37 =====================
tcp2robotbase_mat:
 -0.00550922 -0.000517175     0.999985      757.262
    0.999936  -0.00984841   0.00550389        134.1
  0.00984539     0.999951  0.000571368      1078.13
           0            0            0            1
====================== End << 37 =======================
====================== Begin << 38 =====================
tcp2robotbase_mat:
 -0.00556725 -0.000488794     0.999984      757.255
    0.999936  -0.00984973   0.00556218      134.102
  0.00984684     0.999951  0.000543583      1078.13
           0            0            0            1
====================== End << 38 =======================
====================== Begin << 39 =====================
tcp2robotbase_mat:
  -0.0053382 -0.000610261     0.999986      757.204
    0.999938  -0.00978018   0.00533197      133.973
  0.00977678     0.999952  0.000662431      1078.06
           0            0            0            1
====================== End << 39 =======================
================================Poses TCP2RB Timestampe================================
Pose 1:  x: 757.268, y: 133.872, z: 1078.01, A: -1.45852, B: 1.56525, C: 3.03937, qx: 0.500976, qy: 0.49871, qz: 0.504031, qw: 0.49625
Pose 2:  x: 757.273, y: 133.855, z: 1078.01, A: -1.44948, B: 1.56526, C: 3.0303, qx: 0.50096, qy: 0.498702, qz: 0.504032, qw: 0.496273
Pose 3:  x: 757.3, y: 133.889, z: 1078, A: -1.45365, B: 1.56517, C: 3.03448, qx: 0.500946, qy: 0.498723, qz: 0.504056, qw: 0.496242
Pose 4:  x: 757.309, y: 133.877, z: 1078, A: -1.45588, B: 1.56522, C: 3.03674, qx: 0.50097, qy: 0.498708, qz: 0.504046, qw: 0.496243
Pose 5:  x: 757.318, y: 133.86, z: 1078, A: -1.45086, B: 1.56521, C: 3.03168, qx: 0.500949, qy: 0.498714, qz: 0.504046, qw: 0.496258
Pose 6:  x: 757.295, y: 133.887, z: 1078.03, A: -1.47173, B: 1.5652, C: 3.0525, qx: 0.50096, qy: 0.498761, qz: 0.504009, qw: 0.496238
Pose 7:  x: 757.301, y: 133.867, z: 1078.03, A: -1.46757, B: 1.56523, C: 3.04838, qx: 0.500974, qy: 0.498737, qz: 0.504016, qw: 0.49624
Pose 8:  x: 757.275, y: 133.897, z: 1078.03, A: -1.46331, B: 1.56529, C: 3.04402, qx: 0.500962, qy: 0.49874, qz: 0.503981, qw: 0.496285
Pose 9:  x: 757.275, y: 133.879, z: 1078.03, A: -1.46497, B: 1.56527, C: 3.04571, qx: 0.500963, qy: 0.498743, qz: 0.503988, qw: 0.496273
Pose 10:  x: 757.278, y: 133.863, z: 1078.02, A: -1.46585, B: 1.56526, C: 3.04659, qx: 0.500961, qy: 0.498747, qz: 0.503993, qw: 0.496267
Pose 11:  x: 757.268, y: 133.901, z: 1078.02, A: -1.46212, B: 1.56518, C: 3.04294, qx: 0.500957, qy: 0.498736, qz: 0.50404, qw: 0.496234
Pose 12:  x: 757.275, y: 133.887, z: 1078.01, A: -1.46536, B: 1.5652, C: 3.04621, qx: 0.500976, qy: 0.498728, qz: 0.504038, qw: 0.496226
Pose 13:  x: 757.242, y: 133.966, z: 1078.03, A: -1.45807, B: 1.56524, C: 3.03884, qx: 0.500957, qy: 0.498728, qz: 0.504018, qw: 0.496265
Pose 14:  x: 757.242, y: 133.96, z: 1078.02, A: -1.45629, B: 1.56527, C: 3.03702, qx: 0.500952, qy: 0.49873, qz: 0.504002, qw: 0.496284
Pose 15:  x: 757.185, y: 133.951, z: 1078.09, A: -1.51059, B: 1.56534, C: 3.09131, qx: 0.501037, qy: 0.498796, qz: 0.50391, qw: 0.496224
Pose 16:  x: 757.18, y: 133.947, z: 1078.1, A: -1.52326, B: 1.56534, C: 3.10402, qx: 0.501064, qy: 0.498804, qz: 0.503904, qw: 0.496196
Pose 17:  x: 757.18, y: 133.939, z: 1078.1, A: -1.51438, B: 1.56533, C: 3.09517, qx: 0.501053, qy: 0.49879, qz: 0.503926, qw: 0.496199
Pose 18:  x: 757.235, y: 133.872, z: 1078.11, A: -1.55368, B: 1.56513, C: 3.13445, qx: 0.501053, qy: 0.498897, qz: 0.503921, qw: 0.496096
Pose 19:  x: 757.242, y: 133.862, z: 1078.12, A: -1.56679, B: 1.56517, C: -3.13557, qx: 0.501091, qy: 0.498895, qz: 0.503902, qw: 0.496078
Pose 20:  x: 757.247, y: 133.852, z: 1078.12, A: -1.56279, B: 1.56515, C: -3.13957, qx: 0.501084, qy: 0.498891, qz: 0.503916, qw: 0.496076
Pose 21:  x: 757.278, y: 133.93, z: 1078.02, A: -1.542, B: 1.5652, C: 3.12285, qx: 0.501073, qy: 0.498844, qz: 0.503938, qw: 0.496112
Pose 22:  x: 757.287, y: 133.928, z: 1078.01, A: -1.55074, B: 1.5652, C: 3.1316, qx: 0.501086, qy: 0.498855, qz: 0.503925, qw: 0.4961
Pose 23:  x: 757.283, y: 134.021, z: 1078.06, A: -1.54063, B: 1.56524, C: 3.12128, qx: 0.501031, qy: 0.498883, qz: 0.503878, qw: 0.496176
Pose 24:  x: 757.29, y: 134.028, z: 1078.06, A: -1.53617, B: 1.56529, C: 3.11691, qx: 0.50106, qy: 0.498842, qz: 0.503894, qw: 0.496171
Pose 25:  x: 757.3, y: 134.034, z: 1078.06, A: -1.5379, B: 1.56523, C: 3.11862, qx: 0.501043, qy: 0.498863, qz: 0.503903, qw: 0.496158
Pose 26:  x: 757.317, y: 133.999, z: 1078.08, A: -1.51517, B: 1.56508, C: 3.09579, qx: 0.500949, qy: 0.49889, qz: 0.503948, qw: 0.496181
Pose 27:  x: 757.329, y: 134.006, z: 1078.07, A: -1.51593, B: 1.56507, C: 3.09653, qx: 0.500941, qy: 0.4989, qz: 0.503943, qw: 0.496184
Pose 28:  x: 757.318, y: 134.147, z: 1078.15, A: -1.49637, B: 1.56519, C: 3.0769, qx: 0.50093, qy: 0.498859, qz: 0.503921, qw: 0.496258
Pose 29:  x: 757.328, y: 134.161, z: 1078.14, A: -1.49591, B: 1.56519, C: 3.07645, qx: 0.500931, qy: 0.498857, qz: 0.503924, qw: 0.496257
Pose 30:  x: 757.34, y: 134.169, z: 1078.14, A: -1.49568, B: 1.56521, C: 3.07623, qx: 0.500939, qy: 0.498849, qz: 0.503923, qw: 0.496257
Pose 31:  x: 757.325, y: 134.147, z: 1078.08, A: -1.47699, B: 1.5652, C: 3.05748, qx: 0.500898, qy: 0.498838, qz: 0.503934, qw: 0.496299
Pose 32:  x: 757.33, y: 134.159, z: 1078.08, A: -1.48351, B: 1.56521, C: 3.06405, qx: 0.500923, qy: 0.498831, qz: 0.503936, qw: 0.496278
Pose 33:  x: 757.292, y: 134.113, z: 1078.1, A: -1.48102, B: 1.56517, C: 3.06165, qx: 0.500931, qy: 0.498815, qz: 0.503972, qw: 0.49625
Pose 34:  x: 757.293, y: 134.123, z: 1078.1, A: -1.47613, B: 1.56515, C: 3.05678, qx: 0.500924, qy: 0.498807, qz: 0.503987, qw: 0.49625
Pose 35:  x: 757.266, y: 134.093, z: 1078.12, A: -1.46891, B: 1.56524, C: 3.04954, qx: 0.500936, qy: 0.498779, qz: 0.503969, qw: 0.496284
Pose 36:  x: 757.264, y: 134.095, z: 1078.12, A: -1.46746, B: 1.5652, C: 3.0481, qx: 0.500923, qy: 0.498786, qz: 0.503982, qw: 0.496277
Pose 37:  x: 757.262, y: 134.1, z: 1078.13, A: -1.46735, B: 1.56526, C: 3.04799, qx: 0.500941, qy: 0.498771, qz: 0.503967, qw: 0.49629
Pose 38:  x: 757.255, y: 134.102, z: 1078.13, A: -1.47337, B: 1.56521, C: 3.05402, qx: 0.500934, qy: 0.498792, qz: 0.503974, qw: 0.496268
Pose 39:  x: 757.204, y: 133.973, z: 1078.06, A: -1.44719, B: 1.56542, C: 3.02777, qx: 0.500944, qy: 0.498722, qz: 0.50393, qw: 0.496373
================================Poses TCP2RB Timestampe================================
p1.pose.quat: 0.49625, 0.500976, 0.49871, 0.504031
p2.pose.quat: 0.496273, 0.50096, 0.498702, 0.504032
q_t: 0.496261, 0.500968, 0.498706, 0.504031
Interpolated Euler angles: A: -1.45401, B: 1.56525, C: 3.03483
p1.pose.quat: 0.49625, 0.500976, 0.49871, 0.504031
p2.pose.quat: 0.496273, 0.50096, 0.498702, 0.504032
q_t: 0.496273, 0.50096, 0.498702, 0.504032
Interpolated Euler angles: A: -1.44948, B: 1.56526, C: 3.0303
p1.pose.quat: 0.496273, 0.50096, 0.498702, 0.504032
p2.pose.quat: 0.496242, 0.500946, 0.498723, 0.504056
q_t: 0.496259, 0.500954, 0.498711, 0.504043
Interpolated Euler angles: A: -1.45135, B: 1.56522, C: 3.03217
p1.pose.quat: 0.496273, 0.50096, 0.498702, 0.504032
p2.pose.quat: 0.496242, 0.500946, 0.498723, 0.504056
q_t: 0.496246, 0.500948, 0.49872, 0.504053
Interpolated Euler angles: A: -1.45319, B: 1.56518, C: 3.03402
p1.pose.quat: 0.496242, 0.500946, 0.498723, 0.504056
p2.pose.quat: 0.496243, 0.50097, 0.498708, 0.504046
q_t: 0.496243, 0.500956, 0.498716, 0.504052
Interpolated Euler angles: A: -1.4546, B: 1.56519, C: 3.03544
p1.pose.quat: 0.496242, 0.500946, 0.498723, 0.504056
p2.pose.quat: 0.496243, 0.50097, 0.498708, 0.504046
q_t: 0.496243, 0.50097, 0.498708, 0.504046
Interpolated Euler angles: A: -1.45588, B: 1.56522, C: 3.03674
p1.pose.quat: 0.496243, 0.50097, 0.498708, 0.504046
p2.pose.quat: 0.496258, 0.500949, 0.498714, 0.504046
q_t: 0.49625, 0.500961, 0.49871, 0.504046
Interpolated Euler angles: A: -1.45364, B: 1.56522, C: 3.03449
p1.pose.quat: 0.496243, 0.50097, 0.498708, 0.504046
p2.pose.quat: 0.496258, 0.500949, 0.498714, 0.504046
q_t: 0.496256, 0.500952, 0.498713, 0.504046
Interpolated Euler angles: A: -1.45141, B: 1.56521, C: 3.03224
p1.pose.quat: 0.496258, 0.500949, 0.498714, 0.504046
p2.pose.quat: 0.496238, 0.50096, 0.498761, 0.504009
q_t: 0.496249, 0.500954, 0.498734, 0.50403
Interpolated Euler angles: A: -1.45981, B: 1.5652, C: 3.04061
p1.pose.quat: 0.496258, 0.500949, 0.498714, 0.504046
p2.pose.quat: 0.496238, 0.50096, 0.498761, 0.504009
q_t: 0.496238, 0.50096, 0.498761, 0.504009
Interpolated Euler angles: A: -1.47173, B: 1.5652, C: 3.0525
p1.pose.quat: 0.496238, 0.50096, 0.498761, 0.504009
p2.pose.quat: 0.49624, 0.500974, 0.498737, 0.504016
q_t: 0.496239, 0.500966, 0.49875, 0.504012
Interpolated Euler angles: A: -1.46989, B: 1.56521, C: 3.05067
p1.pose.quat: 0.496238, 0.50096, 0.498761, 0.504009
p2.pose.quat: 0.49624, 0.500974, 0.498737, 0.504016
q_t: 0.49624, 0.500973, 0.498739, 0.504015
Interpolated Euler angles: A: -1.46804, B: 1.56523, C: 3.04884
p1.pose.quat: 0.49624, 0.500974, 0.498737, 0.504016
p2.pose.quat: 0.496285, 0.500962, 0.49874, 0.503981
q_t: 0.496259, 0.500969, 0.498738, 0.504001
Interpolated Euler angles: A: -1.46575, B: 1.56526, C: 3.04652
p1.pose.quat: 0.49624, 0.500974, 0.498737, 0.504016
p2.pose.quat: 0.496285, 0.500962, 0.49874, 0.503981
q_t: 0.496285, 0.500962, 0.49874, 0.503981
Interpolated Euler angles: A: -1.46331, B: 1.56529, C: 3.04402
p1.pose.quat: 0.496285, 0.500962, 0.49874, 0.503981
p2.pose.quat: 0.496273, 0.500963, 0.498743, 0.503988
q_t: 0.496279, 0.500963, 0.498741, 0.503985
Interpolated Euler angles: A: -1.46414, B: 1.56528, C: 3.04486
p1.pose.quat: 0.496285, 0.500962, 0.49874, 0.503981
p2.pose.quat: 0.496273, 0.500963, 0.498743, 0.503988
q_t: 0.496273, 0.500963, 0.498743, 0.503988
Interpolated Euler angles: A: -1.46497, B: 1.56527, C: 3.04571
p1.pose.quat: 0.496273, 0.500963, 0.498743, 0.503988
p2.pose.quat: 0.496267, 0.500961, 0.498747, 0.503993
q_t: 0.49627, 0.500962, 0.498745, 0.503991
Interpolated Euler angles: A: -1.46541, B: 1.56527, C: 3.04615
p1.pose.quat: 0.496273, 0.500963, 0.498743, 0.503988
p2.pose.quat: 0.496267, 0.500961, 0.498747, 0.503993
q_t: 0.496267, 0.500961, 0.498747, 0.503993
Interpolated Euler angles: A: -1.46585, B: 1.56526, C: 3.04659
p1.pose.quat: 0.496267, 0.500961, 0.498747, 0.503993
p2.pose.quat: 0.496234, 0.500957, 0.498736, 0.50404
q_t: 0.496251, 0.500959, 0.498741, 0.504016
Interpolated Euler angles: A: -1.46397, B: 1.56522, C: 3.04475
p1.pose.quat: 0.496267, 0.500961, 0.498747, 0.503993
p2.pose.quat: 0.496234, 0.500957, 0.498736, 0.50404
q_t: 0.496234, 0.500957, 0.498736, 0.50404
Interpolated Euler angles: A: -1.46212, B: 1.56518, C: 3.04294
p1.pose.quat: 0.496234, 0.500957, 0.498736, 0.50404
p2.pose.quat: 0.496226, 0.500976, 0.498728, 0.504038
q_t: 0.49623, 0.500966, 0.498732, 0.504039
Interpolated Euler angles: A: -1.46374, B: 1.56519, C: 3.04458
p1.pose.quat: 0.496234, 0.500957, 0.498736, 0.50404
p2.pose.quat: 0.496226, 0.500976, 0.498728, 0.504038
q_t: 0.496226, 0.500976, 0.498728, 0.504038
Interpolated Euler angles: A: -1.46536, B: 1.5652, C: 3.04621
p1.pose.quat: 0.496226, 0.500976, 0.498728, 0.504038
p2.pose.quat: 0.496265, 0.500957, 0.498728, 0.504018
q_t: 0.496245, 0.500966, 0.498728, 0.504028
Interpolated Euler angles: A: -1.46172, B: 1.56522, C: 3.04254
p1.pose.quat: 0.496226, 0.500976, 0.498728, 0.504038
p2.pose.quat: 0.496265, 0.500957, 0.498728, 0.504018
q_t: 0.496265, 0.500957, 0.498728, 0.504018
Interpolated Euler angles: A: -1.45807, B: 1.56524, C: 3.03884
p1.pose.quat: 0.496265, 0.500957, 0.498728, 0.504018
p2.pose.quat: 0.496284, 0.500952, 0.49873, 0.504002
q_t: 0.496274, 0.500954, 0.498729, 0.50401
Interpolated Euler angles: A: -1.45718, B: 1.56525, C: 3.03794
p1.pose.quat: 0.496265, 0.500957, 0.498728, 0.504018
p2.pose.quat: 0.496284, 0.500952, 0.49873, 0.504002
q_t: 0.496284, 0.500952, 0.49873, 0.504002
Interpolated Euler angles: A: -1.45629, B: 1.56527, C: 3.03702
p1.pose.quat: 0.496284, 0.500952, 0.49873, 0.504002
p2.pose.quat: 0.496224, 0.501037, 0.498796, 0.50391
q_t: 0.496257, 0.50099, 0.498759, 0.503961
Interpolated Euler angles: A: -1.48023, B: 1.5653, C: 3.06096
p1.pose.quat: 0.496284, 0.500952, 0.49873, 0.504002
p2.pose.quat: 0.496224, 0.501037, 0.498796, 0.50391
q_t: 0.496231, 0.501028, 0.498789, 0.50392
Interpolated Euler angles: A: -1.50448, B: 1.56534, C: 3.08521
p1.pose.quat: 0.496224, 0.501037, 0.498796, 0.50391
p2.pose.quat: 0.496196, 0.501064, 0.498804, 0.503904
q_t: 0.496212, 0.501049, 0.498799, 0.503907
Interpolated Euler angles: A: -1.51602, B: 1.56534, C: 3.09676
p1.pose.quat: 0.496224, 0.501037, 0.498796, 0.50391
p2.pose.quat: 0.496196, 0.501064, 0.498804, 0.503904
q_t: 0.496196, 0.501064, 0.498804, 0.503904
Interpolated Euler angles: A: -1.52326, B: 1.56534, C: 3.10402
p1.pose.quat: 0.496196, 0.501064, 0.498804, 0.503904
p2.pose.quat: 0.496199, 0.501053, 0.49879, 0.503926
q_t: 0.496197, 0.501059, 0.498798, 0.503913
Interpolated Euler angles: A: -1.51931, B: 1.56534, C: 3.10008
p1.pose.quat: 0.496196, 0.501064, 0.498804, 0.503904
p2.pose.quat: 0.496199, 0.501053, 0.49879, 0.503926
q_t: 0.496199, 0.501055, 0.498791, 0.503923
Interpolated Euler angles: A: -1.51536, B: 1.56533, C: 3.09615
p1.pose.quat: 0.496199, 0.501053, 0.49879, 0.503926
p2.pose.quat: 0.496096, 0.501053, 0.498897, 0.503921
q_t: 0.496155, 0.501053, 0.498836, 0.503924
Interpolated Euler angles: A: -1.53157, B: 1.56524, C: 3.11235
p1.pose.quat: 0.496199, 0.501053, 0.49879, 0.503926
p2.pose.quat: 0.496096, 0.501053, 0.498897, 0.503921
q_t: 0.496096, 0.501053, 0.498897, 0.503921
Interpolated Euler angles: A: -1.55368, B: 1.56513, C: 3.13445
p1.pose.quat: 0.496096, 0.501053, 0.498897, 0.503921
p2.pose.quat: 0.496078, 0.501091, 0.498895, 0.503902
q_t: 0.496087, 0.501072, 0.498896, 0.503912
Interpolated Euler angles: A: -1.56021, B: 1.56515, C: 3.14101
p1.pose.quat: 0.496096, 0.501053, 0.498897, 0.503921
p2.pose.quat: 0.496078, 0.501091, 0.498895, 0.503902
q_t: 0.496078, 0.501091, 0.498895, 0.503902
Interpolated Euler angles: A: -1.56679, B: 1.56517, C: -3.13557
p1.pose.quat: 0.496078, 0.501091, 0.498895, 0.503902
p2.pose.quat: 0.496076, 0.501084, 0.498891, 0.503916
q_t: 0.496077, 0.501087, 0.498893, 0.503909
Interpolated Euler angles: A: -1.56479, B: 1.56516, C: -3.13757
p1.pose.quat: 0.496078, 0.501091, 0.498895, 0.503902
p2.pose.quat: 0.496076, 0.501084, 0.498891, 0.503916
q_t: 0.496076, 0.501084, 0.498891, 0.503916
Interpolated Euler angles: A: -1.56279, B: 1.56515, C: -3.13957
p1.pose.quat: 0.496076, 0.501084, 0.498891, 0.503916
p2.pose.quat: 0.496112, 0.501073, 0.498844, 0.503938
q_t: 0.496092, 0.501079, 0.49887, 0.503926
Interpolated Euler angles: A: -1.55359, B: 1.56517, C: 3.13443
p1.pose.quat: 0.496076, 0.501084, 0.498891, 0.503916
p2.pose.quat: 0.496112, 0.501073, 0.498844, 0.503938
q_t: 0.496108, 0.501074, 0.498849, 0.503936
Interpolated Euler angles: A: -1.54433, B: 1.56519, C: 3.12518
p1.pose.quat: 0.496112, 0.501073, 0.498844, 0.503938
p2.pose.quat: 0.4961, 0.501086, 0.498855, 0.503925
q_t: 0.496107, 0.501079, 0.498849, 0.503933
Interpolated Euler angles: A: -1.54575, B: 1.5652, C: 3.1266
p1.pose.quat: 0.496112, 0.501073, 0.498844, 0.503938
p2.pose.quat: 0.4961, 0.501086, 0.498855, 0.503925
q_t: 0.4961, 0.501086, 0.498855, 0.503925
Interpolated Euler angles: A: -1.55074, B: 1.5652, C: 3.1316
p1.pose.quat: 0.4961, 0.501086, 0.498855, 0.503925
p2.pose.quat: 0.496176, 0.501031, 0.498883, 0.503878
q_t: 0.496138, 0.501059, 0.498869, 0.503902
Interpolated Euler angles: A: -1.54571, B: 1.56522, C: 3.12646
p1.pose.quat: 0.4961, 0.501086, 0.498855, 0.503925
p2.pose.quat: 0.496176, 0.501031, 0.498883, 0.503878
q_t: 0.496176, 0.501031, 0.498883, 0.503878
Interpolated Euler angles: A: -1.54063, B: 1.56524, C: 3.12128
p1.pose.quat: 0.496176, 0.501031, 0.498883, 0.503878
p2.pose.quat: 0.496171, 0.50106, 0.498842, 0.503894
q_t: 0.496174, 0.501046, 0.498862, 0.503886
Interpolated Euler angles: A: -1.53841, B: 1.56527, C: 3.1191
p1.pose.quat: 0.496176, 0.501031, 0.498883, 0.503878
p2.pose.quat: 0.496171, 0.50106, 0.498842, 0.503894
q_t: 0.496171, 0.50106, 0.498842, 0.503894
Interpolated Euler angles: A: -1.53617, B: 1.56529, C: 3.11691
